  single point
            k1    1.0000000000000000E-03     1.000000         0.000000    
            k2    1.0000000000000000E-03     1.000000         0.000000    
            k3     19.44810041700000         1.000000         0.000000    
            k4     5.585918415800000         1.000000         0.000000    
            k5     7.229503460100000         1.000000         0.000000    
            k6     18.12705031500000         1.000000         0.000000    
            k7    1.0000000000000000E-03     1.000000         0.000000    
            k8     9.366491416300001         1.000000         0.000000    
            k9    0.5746341891600000         1.000000         0.000000    
           k10     2.582155156500000         1.000000         0.000000    
           k11    1.0000000000000000E-03     1.000000         0.000000    
           k12    1.0000000000000000E-03     1.000000         0.000000    
           k13    1.0000000000000000E-03     1.000000         0.000000    
           k14    1.6034960890000002E-02     1.000000         0.000000    
           k15    1.0000000000000000E-03     1.000000         0.000000    
           k16    1.0000000000000000E-03     1.000000         0.000000    
             c     39.81789986000000         1.000000         0.000000    
            c2     46.82839845500000         1.000000         0.000000    
