  single point
            k1    1.0000000000000000E-03     1.000000         0.000000    
            k2    1.0000000000000000E-03     1.000000         0.000000    
            k3    0.7987722000000000         1.000000         0.000000    
            k4     4.997241000000000         1.000000         0.000000    
            k5     8.047898999999999         1.000000         0.000000    
            k6    7.2391120000000003E-02     1.000000         0.000000    
            k7    1.0000000000000000E-03     1.000000         0.000000    
            k8     5.968655000000000         1.000000         0.000000    
            k9    0.1138558000000000         1.000000         0.000000    
           k10    9.5197999000000005E-02     1.000000         0.000000    
           k11    1.0000000000000000E-03     1.000000         0.000000    
           k12     1.462362000000000         1.000000         0.000000    
           k13     1.655092000000000         1.000000         0.000000    
           k14    0.1241430000000000         1.000000         0.000000    
           k15    1.0000000000000000E-03     1.000000         0.000000    
           k16    1.0000000000000000E-03     1.000000         0.000000    
             c     39.28578000000000         1.000000         0.000000    
            c2     21.30925000000000         1.000000         0.000000    
