  single point
            k1     1.258732000000000         1.000000         0.000000    
            k2    1.0999999999999999E-02     1.000000         0.000000    
            k3     13.70510000000000         1.000000         0.000000    
            k4     2.258350000000000         1.000000         0.000000    
            k5     14.84292000000000         1.000000         0.000000    
            k6     6.490616000000000         1.000000         0.000000    
            k7    1.0000000000000000E-03     1.000000         0.000000    
            k8     9.818792000000000         1.000000         0.000000    
            k9    0.9251015000000000         1.000000         0.000000    
           k10    1.0000000000000000E-03     1.000000         0.000000    
           k11    1.0000000000000000E-03     1.000000         0.000000    
           k12    0.4680325000000000         1.000000         0.000000    
           k13     2.104953000000000         1.000000         0.000000    
           k14    1.0000000000000000E-03     1.000000         0.000000    
           k15    1.0000000000000000E-03     1.000000         0.000000    
           k16    1.2241136000000000E-02     1.000000         0.000000    
             c     59.30487000000000         1.000000         0.000000    
            c2     46.13070000000000         1.000000         0.000000    
