  single point
            k1    1.0000000000000000E-03     1.000000         0.000000    
            k2    1.0000000000000000E-03     1.000000         0.000000    
            k3    0.7987721860500000         1.000000         0.000000    
            k4     4.997241017500000         1.000000         0.000000    
            k5     8.047898870799999         1.000000         0.000000    
            k6    7.2391120470000000E-02     1.000000         0.000000    
            k7    1.0000000000000000E-03     1.000000         0.000000    
            k8     5.968655265500000         1.000000         0.000000    
            k9    0.1138557752400000         1.000000         0.000000    
           k10    9.5197999209999995E-02     1.000000         0.000000    
           k11    1.0000000000000000E-03     1.000000         0.000000    
           k12     1.462361762400000         1.000000         0.000000    
           k13     1.655092079300000         1.000000         0.000000    
           k14    0.1241429971100000         1.000000         0.000000    
           k15    1.0000000000000000E-03     1.000000         0.000000    
           k16    1.0000000000000000E-03     1.000000         0.000000    
             c     39.28577810000000         1.000000         0.000000    
            c2     21.30924634700000         1.000000         0.000000    
