1 112 51 5.61899986E+01 39.28578000 5.51899986E+01
1 113 51 5.78800011E+01 39.28578000 5.68800011E+01
1 112 52 5.54700012E+01 39.28578000 5.44700012E+01
1 111 52 5.48899994E+01 39.28578000 5.38899994E+01
1 111 53 5.44599991E+01 39.28578000 5.34599991E+01
1 110 53 5.41199989E+01 39.28578000 5.31199989E+01
1 110 54 5.38300018E+01 39.28578000 5.28300018E+01
1 109 54 5.24000015E+01 39.28578000 5.14000015E+01
1 109 53 5.39300003E+01 39.28578000 5.29300003E+01
1 108 54 5.20999985E+01 39.28578000 5.10999985E+01
1 108 55 5.26399994E+01 39.28578000 5.16399994E+01
1 107 54 5.16699982E+01 39.28578000 5.06699982E+01
1 109 62 6.42500000E+01 39.28578000 6.32500000E+01
1 108 62 6.43700027E+01 39.28578000 6.33700027E+01
1 108 63 6.58499985E+01 39.28578000 6.48499985E+01
1 109 63 6.83099976E+01 39.28578000 6.73099976E+01
1 109 61 6.22999992E+01 39.28578000 6.12999992E+01
1 108 61 6.40100021E+01 39.28578000 6.30100021E+01
1 109 60 6.09799995E+01 39.28578000 5.99799995E+01
1 109 59 5.95000000E+01 39.28578000 5.85000000E+01
1 110 59 5.96599998E+01 39.28578000 5.86599998E+01
1 110 58 5.74099998E+01 39.28578000 5.64099998E+01
1 109 50 5.40499992E+01 39.28578000 5.30499992E+01
1 109 51 5.42000008E+01 39.28578000 5.32000008E+01
1 108 51 5.38199997E+01 39.28578000 5.28199997E+01
1 108 52 5.34099998E+01 39.28578000 5.24099998E+01
1 108 53 5.28400002E+01 39.28578000 5.18400002E+01
1 110 57 5.55200005E+01 39.28578000 5.45200005E+01
1 109 57 5.58600006E+01 39.28578000 5.48600006E+01
1 109 56 5.35400009E+01 39.28578000 5.25400009E+01
1 108 56 5.24700012E+01 39.28578000 5.14700012E+01
1 107 55 5.07200012E+01 39.28578000 4.97200012E+01
1 107 56 5.42599983E+01 39.28578000 5.32599983E+01
1 113 42 5.69599991E+01 39.28578000 5.59599991E+01
1 113 43 5.66300011E+01 39.28578000 5.56300011E+01
1 112 43 5.57700005E+01 39.28578000 5.47700005E+01
1 112 44 5.54599991E+01 39.28578000 5.44599991E+01
1 113 44 5.67000008E+01 39.28578000 5.57000008E+01
1 112 45 5.55999985E+01 39.28578000 5.45999985E+01
1 111 45 5.45800018E+01 39.28578000 5.35800018E+01
1 111 46 5.47000008E+01 39.28578000 5.37000008E+01
1 111 47 5.51500015E+01 39.28578000 5.41500015E+01
1 110 47 5.44599991E+01 39.28578000 5.34599991E+01
1 110 46 5.40299988E+01 39.28578000 5.30299988E+01
1 109 46 5.33300018E+01 39.28578000 5.23300018E+01
1 109 45 5.25800018E+01 39.28578000 5.15800018E+01
1 108 30 5.14900017E+01 39.28578000 5.04900017E+01
1 111 41 5.52200012E+01 39.28578000 5.42200012E+01
1 111 42 5.53499985E+01 39.28578000 5.43499985E+01
1 110 41 5.47000008E+01 39.28578000 5.37000008E+01
1 110 42 5.44000015E+01 39.28578000 5.34000015E+01
1 109 42 5.34300003E+01 39.28578000 5.24300003E+01
1 109 43 5.34900017E+01 39.28578000 5.24900017E+01
1 108 43 5.25499992E+01 39.28578000 5.15499992E+01
1 107 43 5.20800018E+01 39.28578000 5.10800018E+01
1 106 43 5.17599983E+01 39.28578000 5.07599983E+01
1 107 44 5.19799995E+01 39.28578000 5.09799995E+01
1 106 44 5.09300003E+01 39.28578000 4.99300003E+01
1 106 45 5.05200005E+01 39.28578000 4.95200005E+01
1 105 44 5.03600006E+01 39.28578000 4.93600006E+01
1 105 45 4.99799995E+01 39.28578000 4.89799995E+01
1 108 45 5.28400002E+01 39.28578000 5.18400002E+01
1 108 46 5.24199982E+01 39.28578000 5.14199982E+01
1 107 45 5.20099983E+01 39.28578000 5.10099983E+01
1 106 55 5.26399994E+01 39.28578000 5.16399994E+01
1 106 54 5.04700012E+01 39.28578000 4.94700012E+01
1 105 54 5.25499992E+01 39.28578000 5.15499992E+01
1 105 53 5.00600014E+01 39.28578000 4.90600014E+01
1 104 53 4.83499985E+01 39.28578000 4.73499985E+01
1 105 50 4.97099991E+01 39.28578000 4.87099991E+01
1 104 50 5.01399994E+01 39.28578000 4.91399994E+01
1 104 51 4.87900009E+01 39.28578000 4.77900009E+01
1 104 52 4.94199982E+01 39.28578000 4.84199982E+01
1 103 51 4.90200005E+01 39.28578000 4.80200005E+01
1 103 52 4.65200005E+01 39.28578000 4.55200005E+01
1 104 45 4.79199982E+01 39.28578000 4.69199982E+01
1 103 45 4.75800018E+01 39.28578000 4.65800018E+01
1 102 45 4.63699989E+01 39.28578000 4.53699989E+01
1 101 58 5.94099998E+01 39.28578000 5.84099998E+01
1 102 57 5.73499985E+01 39.28578000 5.63499985E+01
1 102 58 5.89099998E+01 39.28578000 5.79099998E+01
1 102 56 5.63600006E+01 39.28578000 5.53600006E+01
1 101 57 5.78600006E+01 39.28578000 5.68600006E+01
1 101 56 5.73300018E+01 39.28578000 5.63300018E+01
1 103 55 5.47000008E+01 39.28578000 5.37000008E+01
1 103 56 5.69700012E+01 39.28578000 5.59700012E+01
1 102 55 5.53899994E+01 39.28578000 5.43899994E+01
1 103 54 5.22500000E+01 39.28578000 5.12500000E+01
1 104 54 5.35299988E+01 39.28578000 5.25299988E+01
1 101 45 4.62900009E+01 39.28578000 4.52900009E+01
1 102 51 4.77500000E+01 39.28578000 4.67500000E+01
1 102 50 4.76899986E+01 39.28578000 4.66899986E+01
1 101 50 4.65299988E+01 39.28578000 4.55299988E+01
1 101 49 4.73899994E+01 39.28578000 4.63899994E+01
1 100 49 4.38600006E+01 39.28578000 4.28600006E+01
1 99 49 4.62799988E+01 39.28578000 4.52799988E+01
1 99 48 4.31100006E+01 39.28578000 4.21100006E+01
1 99 47 4.41500015E+01 39.28578000 4.31500015E+01
1 98 48 4.35299988E+01 39.28578000 4.25299988E+01
1 98 47 4.38400002E+01 39.28578000 4.28400002E+01
1 101 46 4.67400017E+01 39.28578000 4.57400017E+01
1 100 46 4.43600006E+01 39.28578000 4.33600006E+01
1 99 46 4.50299988E+01 39.28578000 4.40299988E+01
1 107 30 5.15900002E+01 39.28578000 5.05900002E+01
1 107 31 5.21300011E+01 39.28578000 5.11300011E+01
1 108 31 5.19599991E+01 39.28578000 5.09599991E+01
1 106 31 5.19500008E+01 39.28578000 5.09500008E+01
1 106 32 5.25499992E+01 39.28578000 5.15499992E+01
1 107 32 5.29599991E+01 39.28578000 5.19599991E+01
1 105 31 5.20299988E+01 39.28578000 5.10299988E+01
1 105 32 5.28699989E+01 39.28578000 5.18699989E+01
1 104 31 5.21800003E+01 39.28578000 5.11800003E+01
1 104 30 5.17700005E+01 39.28578000 5.07700005E+01
1 103 30 5.15999985E+01 39.28578000 5.05999985E+01
1 106 24 5.27299995E+01 39.28578000 5.17299995E+01
1 106 25 5.17799988E+01 39.28578000 5.07799988E+01
1 105 26 5.16800003E+01 39.28578000 5.06800003E+01
1 105 25 5.19500008E+01 39.28578000 5.09500008E+01
1 106 26 5.20600014E+01 39.28578000 5.10600014E+01
1 105 27 5.17700005E+01 39.28578000 5.07700005E+01
1 104 27 5.22000008E+01 39.28578000 5.12000008E+01
1 104 28 5.19000015E+01 39.28578000 5.09000015E+01
1 104 29 5.18300018E+01 39.28578000 5.08300018E+01
1 103 29 5.24099998E+01 39.28578000 5.14099998E+01
1 107 38 5.43100014E+01 39.28578000 5.33100014E+01
1 107 39 5.37599983E+01 39.28578000 5.27599983E+01
1 106 39 5.38100014E+01 39.28578000 5.28100014E+01
1 106 40 5.35000000E+01 39.28578000 5.25000000E+01
1 105 40 5.28699989E+01 39.28578000 5.18699989E+01
1 106 41 5.29900017E+01 39.28578000 5.19900017E+01
1 105 41 5.21199989E+01 39.28578000 5.11199989E+01
1 104 40 5.28300018E+01 39.28578000 5.18300018E+01
1 104 41 5.16199989E+01 39.28578000 5.06199989E+01
1 103 41 5.14199982E+01 39.28578000 5.04199982E+01
1 103 42 5.03600006E+01 39.28578000 4.93600006E+01
1 102 42 4.97999992E+01 39.28578000 4.87999992E+01
1 105 43 5.05999985E+01 39.28578000 4.95999985E+01
1 104 43 5.00200005E+01 39.28578000 4.90200005E+01
1 103 43 4.99500008E+01 39.28578000 4.89500008E+01
1 104 44 4.99000015E+01 39.28578000 4.89000015E+01
1 103 44 4.85000000E+01 39.28578000 4.75000000E+01
1 102 44 4.88699989E+01 39.28578000 4.78699989E+01
1 103 20 5.34500008E+01 39.28578000 5.24500008E+01
1 102 20 5.23499985E+01 39.28578000 5.13499985E+01
1 102 19 5.12400017E+01 39.28578000 5.02400017E+01
1 102 43 4.95999985E+01 39.28578000 4.85999985E+01
1 101 43 4.86500015E+01 39.28578000 4.76500015E+01
1 101 44 4.68600006E+01 39.28578000 4.58600006E+01
1 102 30 5.14700012E+01 39.28578000 5.04700012E+01
1 101 29 5.10499992E+01 39.28578000 5.00499992E+01
1 101 30 5.13400002E+01 39.28578000 5.03400002E+01
1 102 29 5.19000015E+01 39.28578000 5.09000015E+01
1 100 29 5.02099991E+01 39.28578000 4.92099991E+01
1 100 28 5.03699989E+01 39.28578000 4.93699989E+01
1 99 28 4.96599998E+01 39.28578000 4.86599998E+01
1 100 27 5.02200012E+01 39.28578000 4.92200012E+01
1 99 27 4.92400017E+01 39.28578000 4.82400017E+01
1 99 29 4.97799988E+01 39.28578000 4.87799988E+01
1 98 27 4.90800018E+01 39.28578000 4.80800018E+01
1 99 26 4.98300018E+01 39.28578000 4.88300018E+01
1 98 26 4.94199982E+01 39.28578000 4.84199982E+01
1 97 47 4.20200005E+01 39.28578000 4.10200005E+01
1 97 46 4.45900002E+01 39.28578000 4.35900002E+01
1 96 46 4.27599983E+01 39.28578000 4.17599983E+01
1 96 45 4.20900002E+01 39.28578000 4.10900002E+01
1 95 45 4.20699997E+01 39.28578000 4.10699997E+01
1 95 44 4.27999992E+01 39.28578000 4.17999992E+01
1 94 44 4.25400009E+01 39.28578000 4.15400009E+01
1 94 43 4.28899994E+01 39.28578000 4.18899994E+01
1 93 43 4.21899986E+01 39.28578000 4.11899986E+01
1 93 44 4.42900009E+01 39.28578000 4.32900009E+01
1 92 43 3.88300018E+01 39.28578000 3.78300018E+01
1 88 50 4.85499992E+01 39.28578000 4.75499992E+01
1 88 49 4.76699982E+01 39.28578000 4.66699982E+01
1 89 49 4.61699982E+01 39.28578000 4.51699982E+01
1 89 48 4.55900002E+01 39.28578000 4.45900002E+01
1 90 48 4.63199997E+01 39.28578000 4.53199997E+01
1 90 47 4.51500015E+01 39.28578000 4.41500015E+01
1 91 47 4.54799995E+01 39.28578000 4.44799995E+01
1 91 45 4.43499985E+01 39.28578000 4.33499985E+01
1 91 46 4.35000000E+01 39.28578000 4.25000000E+01
1 92 45 4.39000015E+01 39.28578000 4.29000015E+01
1 92 44 4.18600006E+01 39.28578000 4.08600006E+01
1 91 44 4.44399986E+01 39.28578000 4.34399986E+01
1 102 21 5.29000015E+01 39.28578000 5.19000015E+01
1 101 20 5.25099983E+01 39.28578000 5.15099983E+01
1 101 21 5.23899994E+01 39.28578000 5.13899994E+01
1 101 22 5.19799995E+01 39.28578000 5.09799995E+01
1 101 23 5.17200012E+01 39.28578000 5.07200012E+01
1 100 22 5.21899986E+01 39.28578000 5.11899986E+01
1 100 23 5.16199989E+01 39.28578000 5.06199989E+01
1 100 24 5.07999992E+01 39.28578000 4.97999992E+01
1 99 24 5.06699982E+01 39.28578000 4.96699982E+01
1 100 25 5.06899986E+01 39.28578000 4.96899986E+01
1 99 25 4.98199997E+01 39.28578000 4.88199997E+01
1 98 25 5.07799988E+01 39.28578000 4.97799988E+01
1 97 27 4.96399994E+01 39.28578000 4.86399994E+01
1 97 28 4.78100014E+01 39.28578000 4.68100014E+01
1 97 29 4.78499985E+01 39.28578000 4.68499985E+01
1 96 29 4.88600006E+01 39.28578000 4.78600006E+01
1 96 30 4.75699997E+01 39.28578000 4.65699997E+01
1 96 31 4.65900002E+01 39.28578000 4.55900002E+01
1 96 32 4.67999992E+01 39.28578000 4.57999992E+01
1 95 32 4.58400002E+01 39.28578000 4.48400002E+01
1 95 33 4.56899986E+01 39.28578000 4.46899986E+01
1 94 33 4.54242439E+01 39.28578000 4.44242439E+01
1 94 34 4.43600006E+01 39.28578000 4.33600006E+01
1 93 34 4.42099991E+01 39.28578000 4.32099991E+01
1 93 35 4.21699982E+01 39.28578000 4.11699982E+01
1 92 35 4.18800011E+01 39.28578000 4.08800011E+01
1 92 36 4.25499992E+01 39.28578000 4.15499992E+01
1 91 36 3.95200005E+01 39.28578000 3.85200005E+01
1 90 36 3.78499985E+01 39.28578000 3.68499985E+01
1 90 37 3.99399986E+01 39.28578000 3.89399986E+01
1 89 37 3.43699989E+01 39.28578000 3.33699989E+01
1 88 37 3.59700012E+01 39.28578000 3.49700012E+01
1 88 38 3.50499992E+01 39.28578000 3.40499992E+01
1 87 38 3.27000008E+01 39.28578000 3.17000008E+01
1 86 38 3.04799995E+01 39.28578000 2.94799995E+01
1 91 43 4.02599983E+01 39.28578000 3.92599983E+01
1 91 42 3.84500008E+01 39.28578000 3.74500008E+01
1 90 42 4.07400017E+01 39.28578000 3.97400017E+01
1 90 41 3.66399994E+01 39.28578000 3.56399994E+01
1 89 41 3.51399994E+01 39.28578000 3.41399994E+01
1 89 40 3.58199997E+01 39.28578000 3.48199997E+01
1 88 40 3.29700012E+01 39.28578000 3.19700012E+01
1 88 39 3.52299995E+01 39.28578000 3.42299995E+01
1 87 40 3.49399986E+01 39.28578000 3.39399986E+01
1 87 39 3.22599983E+01 39.28578000 3.12599983E+01
1 90 31 4.24500008E+01 39.28578000 4.14500008E+01
1 90 32 4.21399994E+01 39.28578000 4.11399994E+01
1 89 32 4.08499985E+01 39.28578000 3.98499985E+01
1 89 31 4.21599998E+01 39.28578000 4.11599998E+01
1 89 33 3.95499992E+01 39.28578000 3.85499992E+01
1 88 33 3.92799988E+01 39.28578000 3.82799988E+01
1 88 34 3.83600006E+01 39.28578000 3.73600006E+01
1 87 34 3.72299995E+01 39.28578000 3.62299995E+01
1 87 35 3.64500008E+01 39.28578000 3.54500008E+01
1 86 35 3.31500015E+01 39.28578000 3.21500015E+01
1 86 36 3.43100014E+01 39.28578000 3.33100014E+01
1 85 36 3.10000000E+01 39.28578000 3.00000000E+01
1 85 37 3.00499992E+01 39.28578000 2.90499992E+01
1 84 37 3.46500015E+01 39.28578000 3.36500015E+01
1 87 47 4.32799988E+01 39.28578000 4.22799988E+01
1 87 46 4.27900009E+01 39.28578000 4.17900009E+01
1 86 46 4.25299988E+01 39.28578000 4.15299988E+01
1 86 45 4.13800011E+01 39.28578000 4.03800011E+01
1 87 45 4.15400009E+01 39.28578000 4.05400009E+01
1 87 44 4.12999992E+01 39.28578000 4.02999992E+01
1 86 44 4.09300003E+01 39.28578000 3.99300003E+01
1 86 43 4.02500000E+01 39.28578000 3.92500000E+01
1 86 42 3.95800018E+01 39.28578000 3.85800018E+01
1 86 41 3.90699997E+01 39.28578000 3.80699997E+01
1 87 41 3.86800003E+01 39.28578000 3.76800003E+01
1 86 40 3.80200005E+01 39.28578000 3.70200005E+01
1 86 39 3.61399994E+01 39.28578000 3.51399994E+01
1 86 37 3.35699997E+01 39.28578000 3.25699997E+01
1 85 38 3.55000000E+01 39.28578000 3.45000000E+01
1 87 29 4.08600006E+01 39.28578000 3.98600006E+01
1 87 28 4.04500008E+01 39.28578000 3.94500008E+01
1 86 29 4.07200012E+01 39.28578000 3.97200012E+01
1 86 28 4.02299995E+01 39.28578000 3.92299995E+01
1 86 27 3.99059830E+01 39.28578000 3.89059830E+01
1 85 27 3.94399986E+01 39.28578000 3.84399986E+01
1 85 26 3.77799988E+01 39.28578000 3.67799988E+01
1 85 25 3.83800011E+01 39.28578000 3.73800011E+01
1 84 25 3.55699997E+01 39.28578000 3.45699997E+01
1 84 26 3.71800003E+01 39.28578000 3.61800003E+01
1 83 25 3.54900017E+01 39.28578000 3.44900017E+01
1 82 25 3.45400009E+01 39.28578000 3.35400009E+01
1 82 26 3.41500015E+01 39.28578000 3.31500015E+01
1 81 26 3.26199989E+01 39.28578000 3.16199989E+01
1 80 26 3.15000000E+01 39.28578000 3.05000000E+01
1 80 27 3.24599991E+01 39.28578000 3.14599991E+01
1 79 27 3.20000000E+01 39.28578000 3.10000000E+01
1 79 26 3.14699993E+01 39.28578000 3.04699993E+01
1 78 26 3.01900005E+01 39.28578000 2.91900005E+01
1 77 26 2.83600006E+01 39.28578000 2.73600006E+01
1 86 19 3.81800003E+01 39.28578000 3.71800003E+01
1 85 19 3.84000015E+01 39.28578000 3.74000015E+01
1 85 20 3.82099991E+01 39.28578000 3.72099991E+01
1 84 20 3.48199997E+01 39.28578000 3.38199997E+01
1 83 20 3.55000000E+01 39.28578000 3.45000000E+01
1 83 21 3.66100006E+01 39.28578000 3.56100006E+01
1 82 21 3.37700005E+01 39.28578000 3.27700005E+01
1 81 21 3.46199989E+01 39.28578000 3.36199989E+01
1 81 22 3.43600006E+01 39.28578000 3.33600006E+01
1 80 22 3.07399998E+01 39.28578000 2.97399998E+01
1 79 22 3.21800003E+01 39.28578000 3.11800003E+01
1 79 23 3.02199993E+01 39.28578000 2.92199993E+01
1 79 24 3.18299999E+01 39.28578000 3.08299999E+01
1 78 24 3.06100006E+01 39.28578000 2.96100006E+01
1 78 23 3.07099991E+01 39.28578000 2.97099991E+01
1 77 24 2.99899998E+01 39.28578000 2.89899998E+01
1 77 25 2.85900002E+01 39.28578000 2.75900002E+01
1 84 36 2.95699997E+01 39.28578000 2.85699997E+01
1 83 36 2.91100006E+01 39.28578000 2.81100006E+01
1 82 36 2.82700005E+01 39.28578000 2.72700005E+01
1 81 36 2.81100006E+01 39.28578000 2.71100006E+01
1 80 36 2.74200001E+01 39.28578000 2.64200001E+01
1 79 36 2.70300007E+01 39.28578000 2.60300007E+01
1 78 36 2.68999996E+01 39.28578000 2.58999996E+01
1 75 47 3.57500000E+01 39.28578000 3.47500000E+01
1 75 48 3.47599983E+01 39.28578000 3.37599983E+01
1 75 46 3.58300018E+01 39.28578000 3.48300018E+01
1 76 46 3.38199997E+01 39.28578000 3.28199997E+01
1 76 45 3.35600014E+01 39.28578000 3.25600014E+01
1 77 45 3.51899986E+01 39.28578000 3.41899986E+01
1 77 44 3.36500015E+01 39.28578000 3.26500015E+01
1 76 44 3.55499992E+01 39.28578000 3.45499992E+01
1 77 43 3.16399994E+01 39.28578000 3.06399994E+01
1 77 42 3.10000000E+01 39.28578000 3.00000000E+01
1 77 41 3.07600002E+01 39.28578000 2.97600002E+01
1 78 41 3.16399994E+01 39.28578000 3.06399994E+01
1 78 40 3.03899994E+01 39.28578000 2.93899994E+01
1 78 39 2.83794861E+01 39.28578000 2.73794861E+01
1 78 38 2.86000004E+01 39.28578000 2.76000004E+01
1 78 37 2.73500004E+01 39.28578000 2.63500004E+01
1 77 37 2.95427990E+01 39.28578000 2.85427990E+01
1 77 36 2.75448246E+01 39.28578000 2.65448246E+01
1 78 17 3.10900002E+01 39.28578000 3.00900002E+01
1 77 17 3.03199997E+01 39.28578000 2.93199997E+01
1 76 17 2.94799995E+01 39.28578000 2.84799995E+01
1 76 18 2.83099995E+01 39.28578000 2.73099995E+01
1 77 18 3.11800003E+01 39.28578000 3.01800003E+01
1 75 18 2.77399998E+01 39.28578000 2.67399998E+01
1 75 19 2.80300007E+01 39.28578000 2.70300007E+01
1 74 19 2.67800007E+01 39.28578000 2.57800007E+01
1 74 18 2.79799995E+01 39.28578000 2.69799995E+01
1 74 20 2.84200001E+01 39.28578000 2.74200001E+01
1 73 20 2.66000004E+01 39.28578000 2.56000004E+01
1 73 19 2.66700001E+01 39.28578000 2.56700001E+01
1 72 20 2.60699997E+01 39.28578000 2.50699997E+01
1 72 19 2.60799999E+01 39.28578000 2.50799999E+01
1 71 20 2.59500008E+01 39.28578000 2.49500008E+01
1 76 35 2.58899994E+01 39.28578000 2.48899994E+01
1 76 36 2.95300007E+01 39.28578000 2.85300007E+01
1 77 35 2.66000004E+01 39.28578000 2.56000004E+01
1 76 34 2.75900002E+01 39.28578000 2.65900002E+01
1 75 34 2.62399998E+01 39.28578000 2.52399998E+01
1 75 33 2.63099995E+01 39.28578000 2.53099995E+01
1 74 33 2.56900005E+01 39.28578000 2.46900005E+01
1 74 32 2.44099998E+01 39.28578000 2.34099998E+01
1 73 32 2.56800003E+01 39.28578000 2.46800003E+01
1 73 31 2.41000004E+01 39.28578000 2.31000004E+01
1 72 31 2.37900009E+01 39.28578000 2.27900009E+01
1 71 31 2.27399998E+01 39.28578000 2.17399998E+01
1 70 31 2.35100002E+01 39.28578000 2.25100002E+01
1 69 31 2.27600002E+01 39.28578000 2.17600002E+01
1 68 31 2.20300007E+01 39.28578000 2.10300007E+01
1 68 32 2.27900009E+01 39.28578000 2.17900009E+01
1 76 26 2.77399998E+01 39.28578000 2.67399998E+01
1 75 27 2.64699993E+01 39.28578000 2.54699993E+01
1 75 26 2.90900002E+01 39.28578000 2.80900002E+01
1 76 27 2.89099998E+01 39.28578000 2.79099998E+01
1 75 28 2.63099995E+01 39.28578000 2.53099995E+01
1 74 28 2.71100006E+01 39.28578000 2.61100006E+01
1 74 29 2.51900005E+01 39.28578000 2.41900005E+01
1 74 30 2.53600006E+01 39.28578000 2.43600006E+01
1 73 30 2.39300003E+01 39.28578000 2.29300003E+01
1 71 30 2.39500008E+01 39.28578000 2.29500008E+01
1 70 30 2.32500000E+01 39.28578000 2.22500000E+01
1 69 30 2.28199997E+01 39.28578000 2.18199997E+01
1 68 30 2.21100006E+01 39.28578000 2.11100006E+01
1 68 29 2.19300003E+01 39.28578000 2.09300003E+01
1 67 29 2.26900005E+01 39.28578000 2.16900005E+01
1 67 30 2.20599995E+01 39.28578000 2.10599995E+01
1 72 21 2.60799999E+01 39.28578000 2.50799999E+01
1 71 21 2.61000004E+01 39.28578000 2.51000004E+01
1 73 17 2.72199993E+01 39.28578000 2.62199993E+01
1 72 17 2.78600006E+01 39.28578000 2.68600006E+01
1 72 18 2.68400002E+01 39.28578000 2.58400002E+01
1 71 18 2.74400005E+01 39.28578000 2.64400005E+01
1 71 19 2.61599998E+01 39.28578000 2.51599998E+01
1 70 19 2.68899994E+01 39.28578000 2.58899994E+01
1 70 20 2.56700001E+01 39.28578000 2.46700001E+01
1 70 21 2.48899994E+01 39.28578000 2.38899994E+01
1 71 22 2.54500008E+01 39.28578000 2.44500008E+01
1 70 22 2.41000004E+01 39.28578000 2.31000004E+01
1 70 23 2.46399994E+01 39.28578000 2.36399994E+01
1 71 23 2.42399998E+01 39.28578000 2.32399998E+01
1 70 24 2.34799995E+01 39.28578000 2.24799995E+01
1 71 24 2.44400005E+01 39.28578000 2.34400005E+01
1 70 25 2.29899998E+01 39.28578000 2.19899998E+01
1 70 26 2.23500004E+01 39.28578000 2.13500004E+01
1 69 26 2.29799995E+01 39.28578000 2.19799995E+01
1 68 26 2.23899994E+01 39.28578000 2.13899994E+01
1 84 53 4.60099983E+01 39.28578000 4.50099983E+01
1 83 53 4.47000008E+01 39.28578000 4.37000008E+01
1 82 53 4.44099998E+01 39.28578000 4.34099998E+01
1 81 53 4.24199982E+01 39.28578000 4.14199982E+01
1 80 53 4.24599991E+01 39.28578000 4.14599991E+01
1 80 54 4.12799988E+01 39.28578000 4.02799988E+01
1 79 54 4.01899986E+01 39.28578000 3.91899986E+01
1 79 55 4.07200012E+01 39.28578000 3.97200012E+01
1 78 55 4.01500015E+01 39.28578000 3.91500015E+01
1 78 54 3.95999985E+01 39.28578000 3.85999985E+01
1 77 54 3.89399986E+01 39.28578000 3.79399986E+01
1 77 53 3.86199989E+01 39.28578000 3.76199989E+01
1 78 53 3.94399986E+01 39.28578000 3.84399986E+01
1 77 52 3.82700005E+01 39.28578000 3.72700005E+01
1 76 52 3.76899986E+01 39.28578000 3.66899986E+01
1 76 51 3.83499985E+01 39.28578000 3.73499985E+01
1 75 51 3.70099983E+01 39.28578000 3.60099983E+01
1 75 50 3.68499985E+01 39.28578000 3.58499985E+01
1 75 49 3.57500000E+01 39.28578000 3.47500000E+01
1 73 52 3.71399994E+01 39.28578000 3.61399994E+01
1 74 52 3.74199982E+01 39.28578000 3.64199982E+01
1 74 51 3.74700012E+01 39.28578000 3.64700012E+01
1 74 50 3.65499992E+01 39.28578000 3.55499992E+01
1 74 49 3.55532036E+01 39.28578000 3.45532036E+01
1 74 48 3.59799995E+01 39.28578000 3.49799995E+01
1 75 58 4.12000008E+01 39.28578000 4.02000008E+01
1 74 58 4.04900017E+01 39.28578000 3.94900017E+01
1 74 57 3.97500000E+01 39.28578000 3.87500000E+01
1 74 56 3.97200012E+01 39.28578000 3.87200012E+01
1 73 56 3.89799995E+01 39.28578000 3.79799995E+01
1 73 55 3.88800011E+01 39.28578000 3.78800011E+01
1 73 54 3.87900009E+01 39.28578000 3.77900009E+01
1 73 53 3.75299988E+01 39.28578000 3.65299988E+01
1 69 53 4.68300018E+01 39.28578000 4.58300018E+01
1 70 53 4.35600014E+01 39.28578000 4.25600014E+01
1 71 53 4.10999985E+01 39.28578000 4.00999985E+01
1 72 53 3.93899994E+01 39.28578000 3.83899994E+01
1 72 52 3.87900009E+01 39.28578000 3.77900009E+01
1 68 42 3.83199997E+01 39.28578000 3.73199997E+01
1 68 41 3.74300003E+01 39.28578000 3.64300003E+01
1 68 40 3.39599991E+01 39.28578000 3.29599991E+01
1 68 39 3.22900009E+01 39.28578000 3.12900009E+01
1 69 21 2.49599991E+01 39.28578000 2.39599991E+01
1 69 22 2.42099991E+01 39.28578000 2.32099991E+01
1 68 22 2.44500008E+01 39.28578000 2.34500008E+01
1 68 23 2.35499992E+01 39.28578000 2.25499992E+01
1 67 23 2.36299992E+01 39.28578000 2.26299992E+01
1 67 24 2.32099991E+01 39.28578000 2.22099991E+01
1 67 25 2.33099995E+01 39.28578000 2.23099995E+01
1 68 25 2.26299992E+01 39.28578000 2.16299992E+01
1 68 27 2.23899994E+01 39.28578000 2.13899994E+01
1 68 28 2.27800007E+01 39.28578000 2.17800007E+01
1 67 32 2.17800007E+01 39.28578000 2.07800007E+01
1 67 33 2.21800003E+01 39.28578000 2.11800003E+01
1 68 38 3.07700005E+01 39.28578000 2.97700005E+01
1 68 37 2.82399998E+01 39.28578000 2.72399998E+01
1 68 36 2.65100002E+01 39.28578000 2.55100002E+01
1 67 36 2.66399994E+01 39.28578000 2.56399994E+01
1 67 37 2.91200008E+01 39.28578000 2.81200008E+01
1 68 35 2.54200001E+01 39.28578000 2.44200001E+01
1 67 35 2.51399994E+01 39.28578000 2.41399994E+01
1 67 34 2.33500004E+01 39.28578000 2.23500004E+01
1 66 34 2.26200008E+01 39.28578000 2.16200008E+01
1 67 31 2.13999996E+01 39.28578000 2.03999996E+01
1 66 30 2.31000004E+01 39.28578000 2.21000004E+01
1 66 31 2.17800007E+01 39.28578000 2.07800007E+01
1 66 33 2.18999996E+01 39.28578000 2.08999996E+01
1 65 31 2.18999996E+01 39.28578000 2.08999996E+01
1 65 32 2.14099998E+01 39.28578000 2.04099998E+01
1 64 32 2.20900002E+01 39.28578000 2.10900002E+01
1 64 33 2.12099991E+01 39.28578000 2.02099991E+01
1 65 33 2.19599991E+01 39.28578000 2.09599991E+01
1 65 34 2.32000008E+01 39.28578000 2.22000008E+01
1 64 34 2.07600002E+01 39.28578000 1.97600002E+01
1 63 34 2.06000004E+01 39.28578000 1.96000004E+01
1 62 34 2.06399994E+01 39.28578000 1.96399994E+01
1 62 35 2.02900009E+01 39.28578000 1.92900009E+01
1 63 35 2.37199993E+01 39.28578000 2.27199993E+01
1 61 35 2.00200005E+01 39.28578000 1.90200005E+01
1 59 35 1.95400009E+01 39.28578000 1.85400009E+01
1 59 36 2.21399994E+01 39.28578000 2.11399994E+01
1 60 35 1.99400005E+01 39.28578000 1.89400005E+01
1 60 36 2.37600002E+01 39.28578000 2.27600002E+01
1 61 36 2.38199997E+01 39.28578000 2.28199997E+01
1 58 36 2.09899998E+01 39.28578000 1.99899998E+01
1 62 33 2.21399994E+01 39.28578000 2.11399994E+01
1 61 33 2.22500000E+01 39.28578000 2.12500000E+01
1 61 34 2.01900005E+01 39.28578000 1.91900005E+01
1 60 34 2.18099995E+01 39.28578000 2.08099995E+01
1 59 34 2.05799999E+01 39.28578000 1.95799999E+01
1 58 35 2.11700001E+01 39.28578000 2.01700001E+01
1 58 34 2.20200005E+01 39.28578000 2.10200005E+01
1 61 47 4.73100014E+01 39.28578000 4.63100014E+01
1 61 46 4.57200012E+01 39.28578000 4.47200012E+01
1 61 45 4.54099998E+01 39.28578000 4.44099998E+01
1 61 44 4.35600014E+01 39.28578000 4.25600014E+01
1 61 43 3.93300018E+01 39.28578000 3.83300018E+01
1 60 43 4.22400017E+01 39.28578000 4.12400017E+01
1 60 42 3.71699982E+01 39.28578000 3.61699982E+01
1 59 42 3.38199997E+01 39.28578000 3.28199997E+01
1 59 41 3.02099991E+01 39.28578000 2.92099991E+01
1 58 41 2.92099991E+01 39.28578000 2.82099991E+01
1 58 40 2.74799995E+01 39.28578000 2.64799995E+01
1 57 40 2.88099995E+01 39.28578000 2.78099995E+01
1 57 39 2.16200008E+01 39.28578000 2.06200008E+01
1 57 38 2.10499992E+01 39.28578000 2.00499992E+01
1 56 38 2.35599995E+01 39.28578000 2.25599995E+01
1 56 37 2.03799992E+01 39.28578000 1.93799992E+01
1 57 37 1.96499996E+01 39.28578000 1.86499996E+01
1 58 37 2.11700001E+01 39.28578000 2.01700001E+01
1 55 38 1.94599991E+01 39.28578000 1.84599991E+01
1 55 37 2.19300003E+01 39.28578000 2.09300003E+01
1 54 37 2.01299992E+01 39.28578000 1.91299992E+01
1 53 37 2.05000000E+01 39.28578000 1.95000000E+01
1 53 38 2.02600002E+01 39.28578000 1.92600002E+01
1 52 38 1.84899998E+01 39.28578000 1.74899998E+01
1 51 38 1.93799992E+01 39.28578000 1.83799992E+01
1 50 38 1.98500004E+01 39.28578000 1.88500004E+01
1 50 39 2.00400009E+01 39.28578000 1.90400009E+01
1 49 39 1.80300007E+01 39.28578000 1.70300007E+01
1 50 44 3.81100006E+01 39.28578000 3.71100006E+01
1 51 44 3.90400009E+01 39.28578000 3.80400009E+01
1 51 42 3.46800003E+01 39.28578000 3.36800003E+01
1 51 43 3.81500015E+01 39.28578000 3.71500015E+01
1 50 42 3.17700005E+01 39.28578000 3.07700005E+01
1 50 43 3.79599991E+01 39.28578000 3.69599991E+01
1 50 41 3.06900005E+01 39.28578000 2.96900005E+01
1 49 41 2.72999992E+01 39.28578000 2.62999992E+01
1 49 40 1.85000000E+01 39.28578000 1.75000000E+01
1 57 19 2.28700008E+01 39.28578000 2.18700008E+01
1 57 20 2.18799992E+01 39.28578000 2.08799992E+01
1 57 21 2.31800003E+01 39.28578000 2.21800003E+01
1 56 21 2.18999996E+01 39.28578000 2.08999996E+01
1 56 22 2.39899998E+01 39.28578000 2.29899998E+01
1 55 22 2.11200008E+01 39.28578000 2.01200008E+01
1 54 22 2.27999992E+01 39.28578000 2.17999992E+01
1 54 23 2.12099991E+01 39.28578000 2.02099991E+01
1 55 23 2.52399998E+01 39.28578000 2.42399998E+01
1 53 23 2.17399998E+01 39.28578000 2.07399998E+01
1 53 24 2.22199993E+01 39.28578000 2.12199993E+01
1 52 24 2.10400009E+01 39.28578000 2.00400009E+01
1 52 25 2.17199993E+01 39.28578000 2.07199993E+01
1 51 25 2.00400009E+01 39.28578000 1.90400009E+01
1 51 26 2.12399998E+01 39.28578000 2.02399998E+01
1 50 26 2.04300003E+01 39.28578000 1.94300003E+01
1 50 27 2.10400009E+01 39.28578000 2.00400009E+01
1 49 27 1.98899994E+01 39.28578000 1.88899994E+01
1 49 28 2.08799992E+01 39.28578000 1.98799992E+01
1 48 28 1.86900005E+01 39.28578000 1.76900005E+01
1 48 29 1.85300007E+01 39.28578000 1.75300007E+01
1 47 29 1.77000008E+01 39.28578000 1.67000008E+01
1 47 30 1.76499996E+01 39.28578000 1.66499996E+01
1 46 30 1.72399998E+01 39.28578000 1.62399998E+01
1 46 31 1.73299999E+01 39.28578000 1.63299999E+01
1 45 31 1.70599995E+01 39.28578000 1.60599995E+01
1 45 32 1.62999992E+01 39.28578000 1.52999992E+01
1 44 32 1.65499992E+01 39.28578000 1.55499992E+01
1 44 33 1.62600002E+01 39.28578000 1.52600002E+01
1 43 33 1.54700003E+01 39.28578000 1.44700003E+01
1 43 34 1.59099998E+01 39.28578000 1.49099998E+01
1 42 34 1.64099998E+01 39.28578000 1.54099998E+01
1 42 35 1.53299999E+01 39.28578000 1.43299999E+01
1 41 35 1.49399996E+01 39.28578000 1.39399996E+01
1 41 36 1.47600002E+01 39.28578000 1.37600002E+01
1 48 39 1.80599995E+01 39.28578000 1.70599995E+01
1 47 39 1.82800007E+01 39.28578000 1.72800007E+01
1 47 40 2.08099995E+01 39.28578000 1.98099995E+01
1 46 40 1.92399998E+01 39.28578000 1.82399998E+01
1 46 39 1.64400005E+01 39.28578000 1.54400005E+01
1 45 39 1.87399998E+01 39.28578000 1.77399998E+01
1 45 38 1.69699993E+01 39.28578000 1.59699993E+01
1 44 38 1.49099998E+01 39.28578000 1.39099998E+01
1 43 38 1.56899996E+01 39.28578000 1.46899996E+01
1 43 37 1.67500000E+01 39.28578000 1.57500000E+01
1 42 38 1.56300001E+01 39.28578000 1.46300001E+01
1 42 37 1.54399996E+01 39.28578000 1.44399996E+01
1 41 37 1.46400003E+01 39.28578000 1.36400003E+01
1 40 36 1.48800001E+01 39.28578000 1.38800001E+01
1 40 37 1.46000004E+01 39.28578000 1.36000004E+01
1 39 37 1.45600004E+01 39.28578000 1.35600004E+01
1 39 38 1.43500004E+01 39.28578000 1.33500004E+01
1 38 38 1.44099998E+01 39.28578000 1.34099998E+01
1 38 39 1.41700001E+01 39.28578000 1.31700001E+01
1 38 40 1.39700003E+01 39.28578000 1.29700003E+01
1 37 40 1.38800001E+01 39.28578000 1.28800001E+01
1 37 41 1.36800003E+01 39.28578000 1.26800003E+01
1 36 41 1.34799995E+01 39.28578000 1.24799995E+01
1 40 44 1.90000000E+01 39.28578000 1.80000000E+01
1 39 44 1.54899998E+01 39.28578000 1.44899998E+01
1 39 43 1.63299999E+01 39.28578000 1.53299999E+01
1 39 42 1.60900002E+01 39.28578000 1.50900002E+01
1 38 42 1.39600000E+01 39.28578000 1.29600000E+01
1 37 42 1.33500004E+01 39.28578000 1.23500004E+01
1 45 56 3.77599983E+01 39.28578000 3.67599983E+01
1 44 56 3.60900002E+01 39.28578000 3.50900002E+01
1 44 55 3.63400002E+01 39.28578000 3.53400002E+01
1 43 56 3.51599998E+01 39.28578000 3.41599998E+01
1 43 55 3.44199982E+01 39.28578000 3.34199982E+01
1 42 55 3.24900017E+01 39.28578000 3.14900017E+01
1 41 55 3.07800007E+01 39.28578000 2.97800007E+01
1 41 56 2.87099991E+01 39.28578000 2.77099991E+01
1 40 56 2.95699997E+01 39.28578000 2.85699997E+01
1 39 56 2.90900002E+01 39.28578000 2.80900002E+01
1 39 55 2.53799992E+01 39.28578000 2.43799992E+01
1 38 55 2.46900005E+01 39.28578000 2.36900005E+01
1 38 54 2.31800003E+01 39.28578000 2.21800003E+01
1 37 55 2.23999996E+01 39.28578000 2.13999996E+01
1 37 54 2.07000008E+01 39.28578000 1.97000008E+01
1 36 54 1.93500004E+01 39.28578000 1.83500004E+01
1 36 53 1.87399998E+01 39.28578000 1.77399998E+01
1 35 53 1.90000000E+01 39.28578000 1.80000000E+01
1 35 52 1.68600006E+01 39.28578000 1.58600006E+01
1 35 51 1.68400002E+01 39.28578000 1.58400002E+01
1 34 51 1.51800003E+01 39.28578000 1.41800003E+01
1 33 51 1.41899996E+01 39.28578000 1.31899996E+01
1 32 51 1.29399996E+01 39.28578000 1.19399996E+01
1 31 51 1.22399998E+01 39.28578000 1.12399998E+01
1 31 50 1.19200001E+01 39.28578000 1.09200001E+01
1 36 42 1.34300003E+01 39.28578000 1.24300003E+01
1 35 42 1.32700005E+01 39.28578000 1.22700005E+01
1 35 43 1.29799995E+01 39.28578000 1.19799995E+01
1 36 43 1.29600000E+01 39.28578000 1.19600000E+01
1 35 44 1.30799999E+01 39.28578000 1.20799999E+01
1 35 45 1.13999996E+01 39.28578000 1.03999996E+01
1 35 46 1.27900000E+01 39.28578000 1.17900000E+01
1 35 47 1.28599997E+01 39.28578000 1.18599997E+01
1 34 47 1.21199999E+01 39.28578000 1.11199999E+01
1 34 48 1.30600004E+01 39.28578000 1.20600004E+01
1 33 48 1.18999996E+01 39.28578000 1.08999996E+01
1 33 49 1.32100000E+01 39.28578000 1.22100000E+01
1 32 49 1.19799995E+01 39.28578000 1.09799995E+01
1 32 50 1.30000000E+01 39.28578000 1.20000000E+01
1 30 50 1.13400002E+01 39.28578000 1.03400002E+01
1 30 51 1.22700005E+01 39.28578000 1.12700005E+01
1 29 51 1.23800001E+01 39.28578000 1.13800001E+01
1 29 52 1.10400000E+01 39.28578000 1.00400000E+01
1 28 52 1.12399998E+01 39.28578000 1.02399998E+01
1 28 53 1.07900000E+01 39.28578000 9.78999996E+00
1 27 53 1.04399996E+01 39.28578000 9.43999958E+00
1 27 54 1.03199997E+01 39.28578000 9.31999969E+00
1 28 54 1.11700001E+01 39.28578000 1.01700001E+01
1 27 55 1.06099997E+01 39.28578000 9.60999966E+00
1 26 54 1.03000002E+01 39.28578000 9.30000019E+00
1 25 54 9.18000031E+00 39.28578000 8.18000031E+00
1 24 54 7.65999985E+00 39.28578000 6.65999985E+00
1 23 54 9.90999985E+00 39.28578000 8.90999985E+00
1 23 55 9.60000038E+00 39.28578000 8.60000038E+00
1 28 50 1.28599997E+01 39.28578000 1.18599997E+01
1 28 51 1.10400000E+01 39.28578000 1.00400000E+01
1 27 51 1.08100004E+01 39.28578000 9.81000042E+00
1 27 52 1.18100004E+01 39.28578000 1.08100004E+01
1 26 52 9.76000023E+00 39.28578000 8.76000023E+00
1 25 52 1.00180588E+01 39.28578000 9.01805878E+00
1 25 53 1.02900000E+01 39.28578000 9.28999996E+00
1 24 53 9.55000019E+00 39.28578000 8.55000019E+00
1 24 52 1.13100004E+01 39.28578000 1.03100004E+01
1 23 53 9.39000034E+00 39.28578000 8.39000034E+00
1 22 53 1.02700005E+01 39.28578000 9.27000046E+00
1 22 54 8.80000019E+00 39.28578000 7.80000019E+00
1 21 54 1.41800003E+01 39.28578000 1.31800003E+01
1 20 54 8.72999954E+00 39.28578000 7.72999954E+00
1 20 55 9.71000004E+00 39.28578000 8.71000004E+00
1 19 55 8.97999954E+00 39.28578000 7.97999954E+00
1 19 54 9.94999981E+00 39.28578000 8.94999981E+00
1 18 55 8.85000038E+00 39.28578000 7.85000038E+00
1 18 54 9.72000027E+00 39.28578000 8.72000027E+00
1 18 48 1.65799999E+01 39.28578000 1.55799999E+01
1 18 49 2.20000000E+01 39.28578000 2.10000000E+01
1 17 55 7.10268831E+00 39.28578000 6.10268831E+00
1 17 54 7.59999990E+00 39.28578000 6.59999990E+00
1 16 54 8.03999996E+00 39.28578000 7.03999996E+00
1 17 49 1.50299997E+01 39.28578000 1.40299997E+01
1 17 50 1.37299995E+01 39.28578000 1.27299995E+01
1 17 51 1.21199999E+01 39.28578000 1.11199999E+01
1 16 51 1.17100000E+01 39.28578000 1.07100000E+01
1 16 52 1.01899996E+01 39.28578000 9.18999958E+00
1 16 53 8.85000038E+00 39.28578000 7.85000038E+00
1 17 53 1.17299995E+01 39.28578000 1.07299995E+01
1 16 55 1.31999998E+01 39.28578000 1.21999998E+01
1 15 54 2.01599998E+01 39.28578000 1.91599998E+01
1 15 55 8.89999962E+00 39.28578000 7.89999962E+00
1 14 55 9.48999977E+00 39.28578000 8.48999977E+00
1 14 54 9.93000031E+00 39.28578000 8.93000031E+00
1 13 54 6.72151852E+00 39.28578000 5.72151852E+00
1 12 54 6.74755096E+00 39.28578000 5.74755096E+00
1 11 54 6.98999977E+00 39.28578000 5.98999977E+00
1 10 54 6.13999987E+00 39.28578000 5.13999987E+00
1 8 52 1.08100004E+01 39.28578000 9.81000042E+00
1 9 52 9.85000038E+00 39.28578000 8.85000038E+00
1 9 53 8.81000042E+00 39.28578000 7.81000042E+00
1 8 53 9.56999969E+00 39.28578000 8.56999969E+00
1 10 53 8.97000027E+00 39.28578000 7.97000027E+00
1 9 54 1.34600000E+01 39.28578000 1.24600000E+01
1 9 51 1.13199997E+01 39.28578000 1.03199997E+01
1 8 51 1.10100002E+01 39.28578000 1.00100002E+01
1 10 55 1.45100002E+01 39.28578000 1.35100002E+01
1 9 55 8.46000004E+00 39.28578000 7.46000004E+00
1 8 55 8.19999981E+00 39.28578000 7.19999981E+00
1 8 56 7.84999990E+00 39.28578000 6.84999990E+00
1 7 56 7.46000004E+00 39.28578000 6.46000004E+00
1 7 57 6.57000017E+00 39.28578000 5.57000017E+00
1 92 4 4.50000000E+01 39.28578000 4.40000000E+01
1 91 3 4.55299988E+01 39.28578000 4.45299988E+01
1 91 4 4.47500000E+01 39.28578000 4.37500000E+01
1 90 4 4.51899986E+01 39.28578000 4.41899986E+01
1 90 5 4.38400002E+01 39.28578000 4.28400002E+01
1 89 5 4.47999992E+01 39.28578000 4.37999992E+01
1 89 6 4.33499985E+01 39.28578000 4.23499985E+01
1 89 7 4.43199997E+01 39.28578000 4.33199997E+01
1 88 7 4.38499985E+01 39.28578000 4.28499985E+01
1 88 8 4.21500015E+01 39.28578000 4.11500015E+01
1 88 10 4.20800018E+01 39.28578000 4.10800018E+01
1 88 9 4.25800018E+01 39.28578000 4.15800018E+01
1 87 8 4.39500008E+01 39.28578000 4.29500008E+01
1 87 7 4.53199997E+01 39.28578000 4.43199997E+01
1 87 9 4.21199989E+01 39.28578000 4.11199989E+01
1 87 10 4.08699989E+01 39.28578000 3.98699989E+01
1 86 10 4.08499985E+01 39.28578000 3.98499985E+01
1 86 9 4.34099998E+01 39.28578000 4.24099998E+01
1 86 8 4.50000000E+01 39.28578000 4.40000000E+01
1 86 7 4.60600014E+01 39.28578000 4.50600014E+01
1 86 11 3.85400009E+01 39.28578000 3.75400009E+01
1 87 11 4.02999992E+01 39.28578000 3.92999992E+01
1 88 11 4.17999992E+01 39.28578000 4.07999992E+01
1 86 12 3.94000015E+01 39.28578000 3.84000015E+01
1 85 12 3.56199989E+01 39.28578000 3.46199989E+01
1 84 12 3.65299988E+01 39.28578000 3.55299988E+01
1 84 13 3.71399994E+01 39.28578000 3.61399994E+01
1 83 13 3.47999992E+01 39.28578000 3.37999992E+01
1 82 13 3.44399986E+01 39.28578000 3.34399986E+01
1 81 13 3.37700005E+01 39.28578000 3.27700005E+01
1 81 14 3.43199997E+01 39.28578000 3.33199997E+01
1 80 14 3.24300003E+01 39.28578000 3.14300003E+01
1 79 14 3.15599995E+01 39.28578000 3.05599995E+01
1 79 15 3.17999992E+01 39.28578000 3.07999992E+01
1 78 15 3.05599995E+01 39.28578000 2.95599995E+01
1 77 15 3.06399994E+01 39.28578000 2.96399994E+01
1 77 16 2.96700001E+01 39.28578000 2.86700001E+01
1 76 16 2.86100006E+01 39.28578000 2.76100006E+01
1 75 16 2.84300003E+01 39.28578000 2.74300003E+01
1 74 16 2.73700008E+01 39.28578000 2.63700008E+01
1 74 17 2.79799995E+01 39.28578000 2.69799995E+01
1 81 10 3.60299988E+01 39.28578000 3.50299988E+01
1 81 11 3.52099991E+01 39.28578000 3.42099991E+01
1 80 11 3.39099998E+01 39.28578000 3.29099998E+01
1 80 10 3.38800011E+01 39.28578000 3.28800011E+01
1 79 11 3.28699989E+01 39.28578000 3.18699989E+01
1 79 12 3.14099998E+01 39.28578000 3.04099998E+01
1 79 13 3.15499992E+01 39.28578000 3.05499992E+01
1 78 12 3.03799992E+01 39.28578000 2.93799992E+01
1 78 13 3.06900005E+01 39.28578000 2.96900005E+01
1 77 13 2.95699997E+01 39.28578000 2.85699997E+01
1 76 13 2.91900005E+01 39.28578000 2.81900005E+01
1 75 13 2.94699993E+01 39.28578000 2.84699993E+01
1 75 14 2.91700001E+01 39.28578000 2.81700001E+01
1 74 14 2.90000000E+01 39.28578000 2.80000000E+01
1 74 15 2.82399998E+01 39.28578000 2.72399998E+01
1 73 16 2.79200001E+01 39.28578000 2.69200001E+01
1 62 10 2.72299995E+01 39.28578000 2.62299995E+01
1 62 11 2.58400002E+01 39.28578000 2.48400002E+01
1 63 11 2.49599991E+01 39.28578000 2.39599991E+01
1 63 12 2.52800007E+01 39.28578000 2.42800007E+01
1 62 12 2.46800003E+01 39.28578000 2.36800003E+01
1 62 13 2.44400005E+01 39.28578000 2.34400005E+01
1 61 13 2.42299995E+01 39.28578000 2.32299995E+01
1 61 14 2.37900009E+01 39.28578000 2.27900009E+01
1 61 15 2.34400005E+01 39.28578000 2.24400005E+01
1 61 16 2.35599995E+01 39.28578000 2.25599995E+01
1 61 17 2.33799992E+01 39.28578000 2.23799992E+01
1 60 17 2.19599991E+01 39.28578000 2.09599991E+01
1 60 18 2.27900009E+01 39.28578000 2.17900009E+01
1 59 17 2.27800007E+01 39.28578000 2.17800007E+01
1 59 18 2.19099998E+01 39.28578000 2.09099998E+01
1 58 18 2.25300007E+01 39.28578000 2.15300007E+01
1 58 19 2.29599991E+01 39.28578000 2.19599991E+01
