  single point
            k1     1.258731696300000         1.000000         0.000000    
            k2    1.0999999999999999E-02     1.000000         0.000000    
            k3     13.70510319700000         1.000000         0.000000    
            k4     2.258350416200000         1.000000         0.000000    
            k5     14.84291560100000         1.000000         0.000000    
            k6     6.490616189100000         1.000000         0.000000    
            k7    1.0000000000000000E-03     1.000000         0.000000    
            k8     9.818792233700000         1.000000         0.000000    
            k9    0.9251015295400000         1.000000         0.000000    
           k10    1.0000000000000000E-03     1.000000         0.000000    
           k11    1.0000000000000000E-03     1.000000         0.000000    
           k12    0.4680324800300000         1.000000         0.000000    
           k13     2.104952895600000         1.000000         0.000000    
           k14    1.0000000000000000E-03     1.000000         0.000000    
           k15    1.0000000000000000E-03     1.000000         0.000000    
           k16    1.2241135990000001E-02     1.000000         0.000000    
             c     59.30486644000000         1.000000         0.000000    
            c2     46.13069710800000         1.000000         0.000000    
