  single point
            k1    1.0000000000000000E-03     1.000000         0.000000    
            k2    1.0000000000000000E-03     1.000000         0.000000    
            k3    0.3435694000000000         1.000000         0.000000    
            k4     5.026711000000000         1.000000         0.000000    
            k5     19.35667000000000         1.000000         0.000000    
            k6    0.5334957000000000         1.000000         0.000000    
            k7    1.0000000000000000E-03     1.000000         0.000000    
            k8     6.349571000000000         1.000000         0.000000    
            k9     2.262273000000000         1.000000         0.000000    
           k10    8.0000785000000005E-02     1.000000         0.000000    
           k11    1.0000000000000000E-03     1.000000         0.000000    
           k12     2.280771000000000         1.000000         0.000000    
           k13    1.0999999999999999E-02     1.000000         0.000000    
           k14    1.0013849000000000E-03     1.000000         0.000000    
           k15    1.0000000000000000E-03     1.000000         0.000000    
           k16    1.0000000000000000E-03     1.000000         0.000000    
         ss1.0    8.9999999999999993E-03     1.000000         0.000000    
         ss2.0    1.0000000000000001E-05     1.000000         0.000000    
         ss3.0    9.9999997999999999E-05     1.000000         0.000000    
         ss4.0    8.9999999999999993E-03     1.000000         0.000000    
         ss5.0    1.0000000000000001E-05     1.000000         0.000000    
         ss6.0    8.9999999999999993E-03     1.000000         0.000000    
         ss7.0    1.0000000000000001E-05     1.000000         0.000000    
         ss8.0    8.9999999999999993E-03     1.000000         0.000000    
         sy1.0    5.0000000000000003E-02     1.000000         0.000000    
         sy2.0    5.0000000000000003E-02     1.000000         0.000000    
         sy3.0    5.0000000000000003E-02     1.000000         0.000000    
         sy4.0    5.0000000000000003E-02     1.000000         0.000000    
             c     46.32617000000000         1.000000         0.000000    
            c2     29.18091000000000         1.000000         0.000000    
