  single point
           kx1    1.0000000000000000E-03     1.000000         0.000000    
           kx2    1.0000000000000000E-03     1.000000         0.000000    
           kx3    3.4356940000000002E-02     1.000000         0.000000    
           kx4     5.026711000000000         1.000000         0.000000    
           kx5     19.35667000000000         1.000000         0.000000    
           kx6    0.5334957000000000         1.000000         0.000000    
           kx7    1.0000000000000000E-03     1.000000         0.000000    
           kx8     6.349571000000000         1.000000         0.000000    
           kx9     2.262273000000000         1.000000         0.000000    
          kx10    8.0000000000000002E-02     1.000000         0.000000    
          kx11    1.0000000000000000E-03     1.000000         0.000000    
          kx12     2.280771000000000         1.000000         0.000000    
          kx13    1.0999999999999999E-02     1.000000         0.000000    
          kx14    1.0000000000000000E-03     1.000000         0.000000    
          kx15    1.0000000000000000E-03     1.000000         0.000000    
          kx16    1.0000000000000000E-03     1.000000         0.000000    
          kx17    1.0000000000000000E-03     1.000000         0.000000    
          kx18    0.1000000000000000         1.000000         0.000000    
           ss1    1.0000000000000001E-05     1.000000         0.000000    
           ss2    1.0000000000000001E-05     1.000000         0.000000    
           ss3    1.0000000000000001E-05     1.000000         0.000000    
           ss4    1.0000000000000001E-05     1.000000         0.000000    
           ss5    1.0000000000000001E-05     1.000000         0.000000    
           ss6    1.0000000000000001E-05     1.000000         0.000000    
           ss7    1.0000000000000001E-05     1.000000         0.000000    
           ss8    1.0000000000000001E-05     1.000000         0.000000    
           ss9    1.0000000000000001E-05     1.000000         0.000000    
          ss10    1.0000000000000001E-05     1.000000         0.000000    
          ss11    1.0000000000000001E-05     1.000000         0.000000    
          ss12    1.0000000000000001E-05     1.000000         0.000000    
          ss13    1.0000000000000001E-05     1.000000         0.000000    
          ss14    1.0000000000000001E-05     1.000000         0.000000    
          ss15    1.0000000000000001E-05     1.000000         0.000000    
          ss16    1.0000000000000001E-05     1.000000         0.000000    
          ss17    1.0000000000000001E-05     1.000000         0.000000    
          ss18    1.0000000000000001E-05     1.000000         0.000000    
           sy1    5.0000000000000003E-02     1.000000         0.000000    
           sy2    5.0000000000000003E-02     1.000000         0.000000    
           sy3    5.0000000000000003E-02     1.000000         0.000000    
           sy4    5.0000000000000003E-02     1.000000         0.000000    
           sy5    5.0000000000000003E-02     1.000000         0.000000    
           sy6    5.0000000000000003E-02     1.000000         0.000000    
           sy7    5.0000000000000003E-02     1.000000         0.000000    
           sy8    5.0000000000000003E-02     1.000000         0.000000    
           sy9    5.0000000000000003E-02     1.000000         0.000000    
          sy10    5.0000000000000003E-02     1.000000         0.000000    
          sy11    5.0000000000000003E-02     1.000000         0.000000    
          sy12    5.0000000000000003E-02     1.000000         0.000000    
          sy13    5.0000000000000003E-02     1.000000         0.000000    
          sy14    5.0000000000000003E-02     1.000000         0.000000    
          sy15    5.0000000000000003E-02     1.000000         0.000000    
          sy16    5.0000000000000003E-02     1.000000         0.000000    
          sy17    5.0000000000000003E-02     1.000000         0.000000    
          sy18    5.0000000000000003E-02     1.000000         0.000000    
             c     46.32617000000000         1.000000         0.000000    
            c2     29.18091000000000         1.000000         0.000000    
