1 112 51 5.61899986E+01 46.32617000 5.51899986E+01
1 113 51 5.78800011E+01 46.32617000 5.68800011E+01
1 112 52 5.54799995E+01 46.32617000 5.44799995E+01
1 111 52 5.49000015E+01 46.32617000 5.39000015E+01
1 111 53 5.43600006E+01 46.32617000 5.33600006E+01
1 110 53 5.41800003E+01 46.32617000 5.31800003E+01
1 110 54 5.38300018E+01 46.32617000 5.28300018E+01
1 109 54 5.23699989E+01 46.32617000 5.13699989E+01
1 109 53 5.39300003E+01 46.32617000 5.29300003E+01
1 108 54 5.21100006E+01 46.32617000 5.11100006E+01
1 108 55 5.26500015E+01 46.32617000 5.16500015E+01
1 107 54 5.16699982E+01 46.32617000 5.06699982E+01
1 109 62 6.42300034E+01 46.32617000 6.32300034E+01
1 108 62 6.42799988E+01 46.32617000 6.32799988E+01
1 108 63 6.58499985E+01 46.32617000 6.48499985E+01
1 109 63 6.83099976E+01 46.32617000 6.73099976E+01
1 109 61 6.22999992E+01 46.32617000 6.12999992E+01
1 108 61 6.40100021E+01 46.32617000 6.30100021E+01
1 109 60 6.09799995E+01 46.32617000 5.99799995E+01
1 109 59 5.95000000E+01 46.32617000 5.85000000E+01
1 110 59 5.96599998E+01 46.32617000 5.86599998E+01
1 110 58 5.73600006E+01 46.32617000 5.63600006E+01
1 109 50 5.40499992E+01 46.32617000 5.30499992E+01
1 109 51 5.42000008E+01 46.32617000 5.32000008E+01
1 108 51 5.38600006E+01 46.32617000 5.28600006E+01
1 108 52 5.33800011E+01 46.32617000 5.23800011E+01
1 108 53 5.30600014E+01 46.32617000 5.20600014E+01
1 110 57 5.54700012E+01 46.32617000 5.44700012E+01
1 109 57 5.58600006E+01 46.32617000 5.48600006E+01
1 109 56 5.35900002E+01 46.32617000 5.25900002E+01
1 108 56 5.23600006E+01 46.32617000 5.13600006E+01
1 107 55 5.07200012E+01 46.32617000 4.97200012E+01
1 107 56 5.42599983E+01 46.32617000 5.32599983E+01
1 113 42 5.69599991E+01 46.32617000 5.59599991E+01
1 113 43 5.66100006E+01 46.32617000 5.56100006E+01
1 112 43 5.57599983E+01 46.32617000 5.47599983E+01
1 112 44 5.54300003E+01 46.32617000 5.44300003E+01
1 113 44 5.67000008E+01 46.32617000 5.57000008E+01
1 112 45 5.55499992E+01 46.32617000 5.45499992E+01
1 111 45 5.45800018E+01 46.32617000 5.35800018E+01
1 111 46 5.47000008E+01 46.32617000 5.37000008E+01
1 111 47 5.51500015E+01 46.32617000 5.41500015E+01
1 110 47 5.44500008E+01 46.32617000 5.34500008E+01
1 110 46 5.39900017E+01 46.32617000 5.29900017E+01
1 109 46 5.33300018E+01 46.32617000 5.23300018E+01
1 109 45 5.25800018E+01 46.32617000 5.15800018E+01
1 108 30 5.15099983E+01 46.32617000 5.05099983E+01
1 111 41 5.52200012E+01 46.32617000 5.42200012E+01
1 111 42 5.53499985E+01 46.32617000 5.43499985E+01
1 110 41 5.46800003E+01 46.32617000 5.36800003E+01
1 110 42 5.44000015E+01 46.32617000 5.34000015E+01
1 109 42 5.34300003E+01 46.32617000 5.24300003E+01
1 109 43 5.34599991E+01 46.32617000 5.24599991E+01
1 108 43 5.25600014E+01 46.32617000 5.15600014E+01
1 107 43 5.20499992E+01 46.32617000 5.10499992E+01
1 106 43 5.17200012E+01 46.32617000 5.07200012E+01
1 107 44 5.19599991E+01 46.32617000 5.09599991E+01
1 106 44 5.09300003E+01 46.32617000 4.99300003E+01
1 106 45 5.05200005E+01 46.32617000 4.95200005E+01
1 105 44 5.03499985E+01 46.32617000 4.93499985E+01
1 105 45 4.99700012E+01 46.32617000 4.89700012E+01
1 108 45 5.28300018E+01 46.32617000 5.18300018E+01
1 108 46 5.24199982E+01 46.32617000 5.14199982E+01
1 107 45 5.20099983E+01 46.32617000 5.10099983E+01
1 106 55 5.26399994E+01 46.32617000 5.16399994E+01
1 106 54 5.05000000E+01 46.32617000 4.95000000E+01
1 105 54 5.25499992E+01 46.32617000 5.15499992E+01
1 105 53 5.00400009E+01 46.32617000 4.90400009E+01
1 104 53 4.83499985E+01 46.32617000 4.73499985E+01
1 105 50 4.97000008E+01 46.32617000 4.87000008E+01
1 104 50 5.01399994E+01 46.32617000 4.91399994E+01
1 104 51 4.87900009E+01 46.32617000 4.77900009E+01
1 104 52 4.94000015E+01 46.32617000 4.84000015E+01
1 103 51 4.90200005E+01 46.32617000 4.80200005E+01
1 103 52 4.64599991E+01 46.32617000 4.54599991E+01
1 104 45 4.79199982E+01 46.32617000 4.69199982E+01
1 103 45 4.75800018E+01 46.32617000 4.65800018E+01
1 102 45 4.63699989E+01 46.32617000 4.53699989E+01
1 101 58 5.94099998E+01 46.32617000 5.84099998E+01
1 102 57 5.73499985E+01 46.32617000 5.63499985E+01
1 102 58 5.89099998E+01 46.32617000 5.79099998E+01
1 102 56 5.63600006E+01 46.32617000 5.53600006E+01
1 101 57 5.78699989E+01 46.32617000 5.68699989E+01
1 101 56 5.72999992E+01 46.32617000 5.62999992E+01
1 103 55 5.47000008E+01 46.32617000 5.37000008E+01
1 103 56 5.69500008E+01 46.32617000 5.59500008E+01
1 102 55 5.53899994E+01 46.32617000 5.43899994E+01
1 103 54 5.22500000E+01 46.32617000 5.12500000E+01
1 104 54 5.35400009E+01 46.32617000 5.25400009E+01
1 101 45 4.63100014E+01 46.32617000 4.53100014E+01
1 102 51 4.77500000E+01 46.32617000 4.67500000E+01
1 102 50 4.76899986E+01 46.32617000 4.66899986E+01
1 101 50 4.65299988E+01 46.32617000 4.55299988E+01
1 101 49 4.73899994E+01 46.32617000 4.63899994E+01
1 100 49 4.38600006E+01 46.32617000 4.28600006E+01
1 99 49 4.62799988E+01 46.32617000 4.52799988E+01
1 99 48 4.31500015E+01 46.32617000 4.21500015E+01
1 99 47 4.41300011E+01 46.32617000 4.31300011E+01
1 98 48 4.35499992E+01 46.32617000 4.25499992E+01
1 98 47 4.38400002E+01 46.32617000 4.28400002E+01
1 101 46 4.67400017E+01 46.32617000 4.57400017E+01
1 100 46 4.43600006E+01 46.32617000 4.33600006E+01
1 99 46 4.50099983E+01 46.32617000 4.40099983E+01
1 107 30 5.15900002E+01 46.32617000 5.05900002E+01
1 107 31 5.21399994E+01 46.32617000 5.11399994E+01
1 108 31 5.19599991E+01 46.32617000 5.09599991E+01
1 106 31 5.19599991E+01 46.32617000 5.09599991E+01
1 106 32 5.25499992E+01 46.32617000 5.15499992E+01
1 107 32 5.29599991E+01 46.32617000 5.19599991E+01
1 105 31 5.20600014E+01 46.32617000 5.10600014E+01
1 105 32 5.28400002E+01 46.32617000 5.18400002E+01
1 104 31 5.21599998E+01 46.32617000 5.11599998E+01
1 104 30 5.17700005E+01 46.32617000 5.07700005E+01
1 103 30 5.15999985E+01 46.32617000 5.05999985E+01
1 106 24 5.26800003E+01 46.32617000 5.16800003E+01
1 106 25 5.17799988E+01 46.32617000 5.07799988E+01
1 105 26 5.16800003E+01 46.32617000 5.06800003E+01
1 105 25 5.19500008E+01 46.32617000 5.09500008E+01
1 106 26 5.20699997E+01 46.32617000 5.10699997E+01
1 105 27 5.17400017E+01 46.32617000 5.07400017E+01
1 104 27 5.21699982E+01 46.32617000 5.11699982E+01
1 104 28 5.17900009E+01 46.32617000 5.07900009E+01
1 104 29 5.18300018E+01 46.32617000 5.08300018E+01
1 103 29 5.24099998E+01 46.32617000 5.14099998E+01
1 107 38 5.43100014E+01 46.32617000 5.33100014E+01
1 107 39 5.37599983E+01 46.32617000 5.27599983E+01
1 106 39 5.38100014E+01 46.32617000 5.28100014E+01
1 106 40 5.35000000E+01 46.32617000 5.25000000E+01
1 105 40 5.28699989E+01 46.32617000 5.18699989E+01
1 106 41 5.29799995E+01 46.32617000 5.19799995E+01
1 105 41 5.20400009E+01 46.32617000 5.10400009E+01
1 104 40 5.28300018E+01 46.32617000 5.18300018E+01
1 104 41 5.16199989E+01 46.32617000 5.06199989E+01
1 103 41 5.14199982E+01 46.32617000 5.04199982E+01
1 103 42 5.03600006E+01 46.32617000 4.93600006E+01
1 102 42 4.98699989E+01 46.32617000 4.88699989E+01
1 105 43 5.06599998E+01 46.32617000 4.96599998E+01
1 104 43 5.00200005E+01 46.32617000 4.90200005E+01
1 103 43 4.99300003E+01 46.32617000 4.89300003E+01
1 104 44 4.99000015E+01 46.32617000 4.89000015E+01
1 103 44 4.84599991E+01 46.32617000 4.74599991E+01
1 102 44 4.88600006E+01 46.32617000 4.78600006E+01
1 103 20 5.34500008E+01 46.32617000 5.24500008E+01
1 102 20 5.24300003E+01 46.32617000 5.14300003E+01
1 102 19 5.12400017E+01 46.32617000 5.02400017E+01
1 102 43 4.95999985E+01 46.32617000 4.85999985E+01
1 101 43 4.86800003E+01 46.32617000 4.76800003E+01
1 101 44 4.70099983E+01 46.32617000 4.60099983E+01
1 102 30 5.14700012E+01 46.32617000 5.04700012E+01
1 101 29 5.10499992E+01 46.32617000 5.00499992E+01
1 101 30 5.13400002E+01 46.32617000 5.03400002E+01
1 102 29 5.19000015E+01 46.32617000 5.09000015E+01
1 100 29 5.02099991E+01 46.32617000 4.92099991E+01
1 100 28 5.03699989E+01 46.32617000 4.93699989E+01
1 99 28 4.96599998E+01 46.32617000 4.86599998E+01
1 100 27 5.02000008E+01 46.32617000 4.92000008E+01
1 99 27 4.92400017E+01 46.32617000 4.82400017E+01
1 99 29 4.97799988E+01 46.32617000 4.87799988E+01
1 98 27 4.90900002E+01 46.32617000 4.80900002E+01
1 99 26 4.98300018E+01 46.32617000 4.88300018E+01
1 98 26 4.94399986E+01 46.32617000 4.84399986E+01
1 97 47 4.19900017E+01 46.32617000 4.09900017E+01
1 97 46 4.46500015E+01 46.32617000 4.36500015E+01
1 96 46 4.27599983E+01 46.32617000 4.17599983E+01
1 96 45 4.20800018E+01 46.32617000 4.10800018E+01
1 95 45 4.21500015E+01 46.32617000 4.11500015E+01
1 95 44 4.27999992E+01 46.32617000 4.17999992E+01
1 94 44 4.25400009E+01 46.32617000 4.15400009E+01
1 94 43 4.29500008E+01 46.32617000 4.19500008E+01
1 93 43 4.21617355E+01 46.32617000 4.11617355E+01
1 93 44 4.42900009E+01 46.32617000 4.32900009E+01
1 92 43 3.87799988E+01 46.32617000 3.77799988E+01
1 88 50 4.85499992E+01 46.32617000 4.75499992E+01
1 88 49 4.76699982E+01 46.32617000 4.66699982E+01
1 89 49 4.61699982E+01 46.32617000 4.51699982E+01
1 89 48 4.55900002E+01 46.32617000 4.45900002E+01
1 90 48 4.62799988E+01 46.32617000 4.52799988E+01
1 90 47 4.51500015E+01 46.32617000 4.41500015E+01
1 91 47 4.52799988E+01 46.32617000 4.42799988E+01
1 91 45 4.42900009E+01 46.32617000 4.32900009E+01
1 91 46 4.35800018E+01 46.32617000 4.25800018E+01
1 92 45 4.39000015E+01 46.32617000 4.29000015E+01
1 92 44 4.18800011E+01 46.32617000 4.08800011E+01
1 91 44 4.43899994E+01 46.32617000 4.33899994E+01
1 102 21 5.29000015E+01 46.32617000 5.19000015E+01
1 101 20 5.24799995E+01 46.32617000 5.14799995E+01
1 101 21 5.23899994E+01 46.32617000 5.13899994E+01
1 101 22 5.20000000E+01 46.32617000 5.10000000E+01
1 101 23 5.17099991E+01 46.32617000 5.07099991E+01
1 100 22 5.22799988E+01 46.32617000 5.12799988E+01
1 100 23 5.16699982E+01 46.32617000 5.06699982E+01
1 100 24 5.07999992E+01 46.32617000 4.97999992E+01
1 99 24 5.06899986E+01 46.32617000 4.96899986E+01
1 100 25 5.06899986E+01 46.32617000 4.96899986E+01
1 99 25 4.98199997E+01 46.32617000 4.88199997E+01
1 98 25 5.07799988E+01 46.32617000 4.97799988E+01
1 97 27 4.95999985E+01 46.32617000 4.85999985E+01
1 97 28 4.78100014E+01 46.32617000 4.68100014E+01
1 97 29 4.78499985E+01 46.32617000 4.68499985E+01
1 96 29 4.88600006E+01 46.32617000 4.78600006E+01
1 96 30 4.75699997E+01 46.32617000 4.65699997E+01
1 96 31 4.65499992E+01 46.32617000 4.55499992E+01
1 96 32 4.67999992E+01 46.32617000 4.57999992E+01
1 95 32 4.58400002E+01 46.32617000 4.48400002E+01
1 95 33 4.56899986E+01 46.32617000 4.46899986E+01
1 94 33 4.54242439E+01 46.32617000 4.44242439E+01
1 94 34 4.43600006E+01 46.32617000 4.33600006E+01
1 93 34 4.42299995E+01 46.32617000 4.32299995E+01
1 93 35 4.21699982E+01 46.32617000 4.11699982E+01
1 92 35 4.18800011E+01 46.32617000 4.08800011E+01
1 92 36 4.25400009E+01 46.32617000 4.15400009E+01
1 91 36 3.95400009E+01 46.32617000 3.85400009E+01
1 90 36 3.78499985E+01 46.32617000 3.68499985E+01
1 90 37 3.99399986E+01 46.32617000 3.89399986E+01
1 89 37 3.43400002E+01 46.32617000 3.33400002E+01
1 88 37 3.59700012E+01 46.32617000 3.49700012E+01
1 88 38 3.50499992E+01 46.32617000 3.40499992E+01
1 87 38 3.27200012E+01 46.32617000 3.17200012E+01
1 86 38 3.06599998E+01 46.32617000 2.96599998E+01
1 91 43 4.02599983E+01 46.32617000 3.92599983E+01
1 91 42 3.84500008E+01 46.32617000 3.74500008E+01
1 90 42 4.07400017E+01 46.32617000 3.97400017E+01
1 90 41 3.66300011E+01 46.32617000 3.56300011E+01
1 89 41 3.50499992E+01 46.32617000 3.40499992E+01
1 89 40 3.58199997E+01 46.32617000 3.48199997E+01
1 88 40 3.29700012E+01 46.32617000 3.19700012E+01
1 88 39 3.52299995E+01 46.32617000 3.42299995E+01
1 87 40 3.49399986E+01 46.32617000 3.39399986E+01
1 87 39 3.22599983E+01 46.32617000 3.12599983E+01
1 90 31 4.24199982E+01 46.32617000 4.14199982E+01
1 90 32 4.21699982E+01 46.32617000 4.11699982E+01
1 89 32 4.08499985E+01 46.32617000 3.98499985E+01
1 89 31 4.21599998E+01 46.32617000 4.11599998E+01
1 89 33 3.96100006E+01 46.32617000 3.86100006E+01
1 88 33 3.92400017E+01 46.32617000 3.82400017E+01
1 88 34 3.83600006E+01 46.32617000 3.73600006E+01
1 87 34 3.72999992E+01 46.32617000 3.62999992E+01
1 87 35 3.64500008E+01 46.32617000 3.54500008E+01
1 86 35 3.31500015E+01 46.32617000 3.21500015E+01
1 86 36 3.43100014E+01 46.32617000 3.33100014E+01
1 85 36 3.09699993E+01 46.32617000 2.99699993E+01
1 85 37 3.00599995E+01 46.32617000 2.90599995E+01
1 84 37 3.47099991E+01 46.32617000 3.37099991E+01
1 87 47 4.28400002E+01 46.32617000 4.18400002E+01
1 87 46 4.27900009E+01 46.32617000 4.17900009E+01
1 86 46 4.25299988E+01 46.32617000 4.15299988E+01
1 86 45 4.13800011E+01 46.32617000 4.03800011E+01
1 87 45 4.15400009E+01 46.32617000 4.05400009E+01
1 87 44 4.13400002E+01 46.32617000 4.03400002E+01
1 86 44 4.09300003E+01 46.32617000 3.99300003E+01
1 86 43 4.02500000E+01 46.32617000 3.92500000E+01
1 86 42 3.95800018E+01 46.32617000 3.85800018E+01
1 86 41 3.90699997E+01 46.32617000 3.80699997E+01
1 87 41 3.86800003E+01 46.32617000 3.76800003E+01
1 86 40 3.80200005E+01 46.32617000 3.70200005E+01
1 86 39 3.61399994E+01 46.32617000 3.51399994E+01
1 86 37 3.35699997E+01 46.32617000 3.25699997E+01
1 85 38 3.54399986E+01 46.32617000 3.44399986E+01
1 87 29 4.08600006E+01 46.32617000 3.98600006E+01
1 87 28 4.04500008E+01 46.32617000 3.94500008E+01
1 86 29 4.07200012E+01 46.32617000 3.97200012E+01
1 86 28 4.02200012E+01 46.32617000 3.92200012E+01
1 86 27 3.99059830E+01 46.32617000 3.89059830E+01
1 85 27 3.94399986E+01 46.32617000 3.84399986E+01
1 85 26 3.77799988E+01 46.32617000 3.67799988E+01
1 85 25 3.83800011E+01 46.32617000 3.73800011E+01
1 84 25 3.55699997E+01 46.32617000 3.45699997E+01
1 84 26 3.71399994E+01 46.32617000 3.61399994E+01
1 83 25 3.54900017E+01 46.32617000 3.44900017E+01
1 82 25 3.45400009E+01 46.32617000 3.35400009E+01
1 82 26 3.41100006E+01 46.32617000 3.31100006E+01
1 81 26 3.25600014E+01 46.32617000 3.15600014E+01
1 80 26 3.15100002E+01 46.32617000 3.05100002E+01
1 80 27 3.25400009E+01 46.32617000 3.15400009E+01
1 79 27 3.20000000E+01 46.32617000 3.10000000E+01
1 79 26 3.14699993E+01 46.32617000 3.04699993E+01
1 78 26 3.01800003E+01 46.32617000 2.91800003E+01
1 77 26 2.83600006E+01 46.32617000 2.73600006E+01
1 86 19 3.81800003E+01 46.32617000 3.71800003E+01
1 85 19 3.84500008E+01 46.32617000 3.74500008E+01
1 85 20 3.81800003E+01 46.32617000 3.71800003E+01
1 84 20 3.47999992E+01 46.32617000 3.37999992E+01
1 83 20 3.55699997E+01 46.32617000 3.45699997E+01
1 83 21 3.66100006E+01 46.32617000 3.56100006E+01
1 82 21 3.37700005E+01 46.32617000 3.27700005E+01
1 81 21 3.46199989E+01 46.32617000 3.36199989E+01
1 81 22 3.43600006E+01 46.32617000 3.33600006E+01
1 80 22 3.07800007E+01 46.32617000 2.97800007E+01
1 79 22 3.21800003E+01 46.32617000 3.11800003E+01
1 79 23 3.01800003E+01 46.32617000 2.91800003E+01
1 79 24 3.18199997E+01 46.32617000 3.08199997E+01
1 78 24 3.06299992E+01 46.32617000 2.96299992E+01
1 78 23 3.07099991E+01 46.32617000 2.97099991E+01
1 77 24 3.00300007E+01 46.32617000 2.90300007E+01
1 77 25 2.85900002E+01 46.32617000 2.75900002E+01
1 84 36 2.96100006E+01 46.32617000 2.86100006E+01
1 83 36 2.91100006E+01 46.32617000 2.81100006E+01
1 82 36 2.82700005E+01 46.32617000 2.72700005E+01
1 81 36 2.80499992E+01 46.32617000 2.70499992E+01
1 80 36 2.74699993E+01 46.32617000 2.64699993E+01
1 79 36 2.70400009E+01 46.32617000 2.60400009E+01
1 78 36 2.68899994E+01 46.32617000 2.58899994E+01
1 75 47 3.57500000E+01 46.32617000 3.47500000E+01
1 75 48 3.48199997E+01 46.32617000 3.38199997E+01
1 75 46 3.58899994E+01 46.32617000 3.48899994E+01
1 76 46 3.38100014E+01 46.32617000 3.28100014E+01
1 76 45 3.35600014E+01 46.32617000 3.25600014E+01
1 77 45 3.51899986E+01 46.32617000 3.41899986E+01
1 77 44 3.36500015E+01 46.32617000 3.26500015E+01
1 76 44 3.55499992E+01 46.32617000 3.45499992E+01
1 77 43 3.16299992E+01 46.32617000 3.06299992E+01
1 77 42 3.10000000E+01 46.32617000 3.00000000E+01
1 77 41 3.07600002E+01 46.32617000 2.97600002E+01
1 78 41 3.17500000E+01 46.32617000 3.07500000E+01
1 78 40 3.03899994E+01 46.32617000 2.93899994E+01
1 78 39 2.83794861E+01 46.32617000 2.73794861E+01
1 78 38 2.86000004E+01 46.32617000 2.76000004E+01
1 78 37 2.73500004E+01 46.32617000 2.63500004E+01
1 77 37 2.95298862E+01 46.32617000 2.85298862E+01
1 77 36 2.74567661E+01 46.32617000 2.64567661E+01
1 78 17 3.11299992E+01 46.32617000 3.01299992E+01
1 77 17 3.03199997E+01 46.32617000 2.93199997E+01
1 76 17 2.94899998E+01 46.32617000 2.84899998E+01
1 76 18 2.83099995E+01 46.32617000 2.73099995E+01
1 77 18 3.11200008E+01 46.32617000 3.01200008E+01
1 75 18 2.77399998E+01 46.32617000 2.67399998E+01
1 75 19 2.80300007E+01 46.32617000 2.70300007E+01
1 74 19 2.67700005E+01 46.32617000 2.57700005E+01
1 74 18 2.79899998E+01 46.32617000 2.69899998E+01
1 74 20 2.84400005E+01 46.32617000 2.74400005E+01
1 73 20 2.65900002E+01 46.32617000 2.55900002E+01
1 73 19 2.66700001E+01 46.32617000 2.56700001E+01
1 72 20 2.60699997E+01 46.32617000 2.50699997E+01
1 72 19 2.60799999E+01 46.32617000 2.50799999E+01
1 71 20 2.59699993E+01 46.32617000 2.49699993E+01
1 76 35 2.58899994E+01 46.32617000 2.48899994E+01
1 76 36 2.95300007E+01 46.32617000 2.85300007E+01
1 77 35 2.66000004E+01 46.32617000 2.56000004E+01
1 76 34 2.71700001E+01 46.32617000 2.61700001E+01
1 75 34 2.62900009E+01 46.32617000 2.52900009E+01
1 75 33 2.63299999E+01 46.32617000 2.53299999E+01
1 74 33 2.56900005E+01 46.32617000 2.46900005E+01
1 74 32 2.43799992E+01 46.32617000 2.33799992E+01
1 73 32 2.56200008E+01 46.32617000 2.46200008E+01
1 73 31 2.41000004E+01 46.32617000 2.31000004E+01
1 72 31 2.37900009E+01 46.32617000 2.27900009E+01
1 71 31 2.27399998E+01 46.32617000 2.17399998E+01
1 70 31 2.34799995E+01 46.32617000 2.24799995E+01
1 69 31 2.27500000E+01 46.32617000 2.17500000E+01
1 68 31 2.20300007E+01 46.32617000 2.10300007E+01
1 68 32 2.27900009E+01 46.32617000 2.17900009E+01
1 76 26 2.77199993E+01 46.32617000 2.67199993E+01
1 75 27 2.64699993E+01 46.32617000 2.54699993E+01
1 75 26 2.90699997E+01 46.32617000 2.80699997E+01
1 76 27 2.89400005E+01 46.32617000 2.79400005E+01
1 75 28 2.63099995E+01 46.32617000 2.53099995E+01
1 74 28 2.71200008E+01 46.32617000 2.61200008E+01
1 74 29 2.51900005E+01 46.32617000 2.41900005E+01
1 74 30 2.53600006E+01 46.32617000 2.43600006E+01
1 73 30 2.39300003E+01 46.32617000 2.29300003E+01
1 71 30 2.39500008E+01 46.32617000 2.29500008E+01
1 70 30 2.32500000E+01 46.32617000 2.22500000E+01
1 69 30 2.28199997E+01 46.32617000 2.18199997E+01
1 68 30 2.21100006E+01 46.32617000 2.11100006E+01
1 68 29 2.19300003E+01 46.32617000 2.09300003E+01
1 67 29 2.26900005E+01 46.32617000 2.16900005E+01
1 67 30 2.20599995E+01 46.32617000 2.10599995E+01
1 72 21 2.60799999E+01 46.32617000 2.50799999E+01
1 71 21 2.61000004E+01 46.32617000 2.51000004E+01
1 73 17 2.72199993E+01 46.32617000 2.62199993E+01
1 72 17 2.78199997E+01 46.32617000 2.68199997E+01
1 72 18 2.68099995E+01 46.32617000 2.58099995E+01
1 71 18 2.74400005E+01 46.32617000 2.64400005E+01
1 71 19 2.61599998E+01 46.32617000 2.51599998E+01
1 70 19 2.68899994E+01 46.32617000 2.58899994E+01
1 70 20 2.56900005E+01 46.32617000 2.46900005E+01
1 70 21 2.48899994E+01 46.32617000 2.38899994E+01
1 71 22 2.54699993E+01 46.32617000 2.44699993E+01
1 70 22 2.41000004E+01 46.32617000 2.31000004E+01
1 70 23 2.46499996E+01 46.32617000 2.36499996E+01
1 71 23 2.42199993E+01 46.32617000 2.32199993E+01
1 70 24 2.36000004E+01 46.32617000 2.26000004E+01
1 71 24 2.44200001E+01 46.32617000 2.34200001E+01
1 70 25 2.29899998E+01 46.32617000 2.19899998E+01
1 70 26 2.23799992E+01 46.32617000 2.13799992E+01
1 69 26 2.29799995E+01 46.32617000 2.19799995E+01
1 68 26 2.24099998E+01 46.32617000 2.14099998E+01
1 84 53 4.60400009E+01 46.32617000 4.50400009E+01
1 83 53 4.46500015E+01 46.32617000 4.36500015E+01
1 82 53 4.44000015E+01 46.32617000 4.34000015E+01
1 81 53 4.24500008E+01 46.32617000 4.14500008E+01
1 80 53 4.24900017E+01 46.32617000 4.14900017E+01
1 80 54 4.12799988E+01 46.32617000 4.02799988E+01
1 79 54 4.01599998E+01 46.32617000 3.91599998E+01
1 79 55 4.07999992E+01 46.32617000 3.97999992E+01
1 78 55 4.01500015E+01 46.32617000 3.91500015E+01
1 78 54 3.95999985E+01 46.32617000 3.85999985E+01
1 77 54 3.89399986E+01 46.32617000 3.79399986E+01
1 77 53 3.87099991E+01 46.32617000 3.77099991E+01
1 78 53 3.94700012E+01 46.32617000 3.84700012E+01
1 77 52 3.82999992E+01 46.32617000 3.72999992E+01
1 76 52 3.76199989E+01 46.32617000 3.66199989E+01
1 76 51 3.83499985E+01 46.32617000 3.73499985E+01
1 75 51 3.69300003E+01 46.32617000 3.59300003E+01
1 75 50 3.69300003E+01 46.32617000 3.59300003E+01
1 75 49 3.57500000E+01 46.32617000 3.47500000E+01
1 73 52 3.71399994E+01 46.32617000 3.61399994E+01
1 74 52 3.73600006E+01 46.32617000 3.63600006E+01
1 74 51 3.74700012E+01 46.32617000 3.64700012E+01
1 74 50 3.65299988E+01 46.32617000 3.55299988E+01
1 74 49 3.55532036E+01 46.32617000 3.45532036E+01
1 74 48 3.58499985E+01 46.32617000 3.48499985E+01
1 75 58 4.10200005E+01 46.32617000 4.00200005E+01
1 74 58 4.04900017E+01 46.32617000 3.94900017E+01
1 74 57 3.98499985E+01 46.32617000 3.88499985E+01
1 74 56 3.98199997E+01 46.32617000 3.88199997E+01
1 73 56 3.89500008E+01 46.32617000 3.79500008E+01
1 73 55 3.88800011E+01 46.32617000 3.78800011E+01
1 73 54 3.87799988E+01 46.32617000 3.77799988E+01
1 73 53 3.75600014E+01 46.32617000 3.65600014E+01
1 69 53 4.68199997E+01 46.32617000 4.58199997E+01
1 70 53 4.35400009E+01 46.32617000 4.25400009E+01
1 71 53 4.10999985E+01 46.32617000 4.00999985E+01
1 72 53 3.94000015E+01 46.32617000 3.84000015E+01
1 72 52 3.87900009E+01 46.32617000 3.77900009E+01
1 68 42 3.83199997E+01 46.32617000 3.73199997E+01
1 68 41 3.74300003E+01 46.32617000 3.64300003E+01
1 68 40 3.39599991E+01 46.32617000 3.29599991E+01
1 68 39 3.22900009E+01 46.32617000 3.12900009E+01
1 69 21 2.49599991E+01 46.32617000 2.39599991E+01
1 69 22 2.41800003E+01 46.32617000 2.31800003E+01
1 68 22 2.44500008E+01 46.32617000 2.34500008E+01
1 68 23 2.35499992E+01 46.32617000 2.25499992E+01
1 67 23 2.40699997E+01 46.32617000 2.30699997E+01
1 67 24 2.32099991E+01 46.32617000 2.22099991E+01
1 67 25 2.33500004E+01 46.32617000 2.23500004E+01
1 68 25 2.26299992E+01 46.32617000 2.16299992E+01
1 68 27 2.23899994E+01 46.32617000 2.13899994E+01
1 68 28 2.27600002E+01 46.32617000 2.17600002E+01
1 67 32 2.17600002E+01 46.32617000 2.07600002E+01
1 67 33 2.22399998E+01 46.32617000 2.12399998E+01
1 68 38 3.07500000E+01 46.32617000 2.97500000E+01
1 68 37 2.82399998E+01 46.32617000 2.72399998E+01
1 68 36 2.65100002E+01 46.32617000 2.55100002E+01
1 67 36 2.66299992E+01 46.32617000 2.56299992E+01
1 67 37 2.90699997E+01 46.32617000 2.80699997E+01
1 68 35 2.54200001E+01 46.32617000 2.44200001E+01
1 67 35 2.51900005E+01 46.32617000 2.41900005E+01
1 67 34 2.33500004E+01 46.32617000 2.23500004E+01
1 66 34 2.27399998E+01 46.32617000 2.17399998E+01
1 67 31 2.14400005E+01 46.32617000 2.04400005E+01
1 66 30 2.31000004E+01 46.32617000 2.21000004E+01
1 66 31 2.17800007E+01 46.32617000 2.07800007E+01
1 66 33 2.18999996E+01 46.32617000 2.08999996E+01
1 65 31 2.19099998E+01 46.32617000 2.09099998E+01
1 65 32 2.14300003E+01 46.32617000 2.04300003E+01
1 64 32 2.20599995E+01 46.32617000 2.10599995E+01
1 64 33 2.11700001E+01 46.32617000 2.01700001E+01
1 65 33 2.19599991E+01 46.32617000 2.09599991E+01
1 65 34 2.32000008E+01 46.32617000 2.22000008E+01
1 64 34 2.07600002E+01 46.32617000 1.97600002E+01
1 63 34 2.07399998E+01 46.32617000 1.97399998E+01
1 62 34 2.06399994E+01 46.32617000 1.96399994E+01
1 62 35 2.02900009E+01 46.32617000 1.92900009E+01
1 63 35 2.37199993E+01 46.32617000 2.27199993E+01
1 61 35 2.00200005E+01 46.32617000 1.90200005E+01
1 59 35 1.95300007E+01 46.32617000 1.85300007E+01
1 59 36 2.21399994E+01 46.32617000 2.11399994E+01
1 60 35 1.99400005E+01 46.32617000 1.89400005E+01
1 60 36 2.37099991E+01 46.32617000 2.27099991E+01
1 61 36 2.38099995E+01 46.32617000 2.28099995E+01
1 58 36 2.09699993E+01 46.32617000 1.99699993E+01
1 62 33 2.21399994E+01 46.32617000 2.11399994E+01
1 61 33 2.22500000E+01 46.32617000 2.12500000E+01
1 61 34 2.00499992E+01 46.32617000 1.90499992E+01
1 60 34 2.18099995E+01 46.32617000 2.08099995E+01
1 59 34 2.06499996E+01 46.32617000 1.96499996E+01
1 58 35 2.12099991E+01 46.32617000 2.02099991E+01
1 58 34 2.20200005E+01 46.32617000 2.10200005E+01
1 61 47 4.73100014E+01 46.32617000 4.63100014E+01
1 61 46 4.57200012E+01 46.32617000 4.47200012E+01
1 61 45 4.54099998E+01 46.32617000 4.44099998E+01
1 61 44 4.35800018E+01 46.32617000 4.25800018E+01
1 61 43 3.94700012E+01 46.32617000 3.84700012E+01
1 60 43 4.22400017E+01 46.32617000 4.12400017E+01
1 60 42 3.73100014E+01 46.32617000 3.63100014E+01
1 59 42 3.36399994E+01 46.32617000 3.26399994E+01
1 59 41 3.01399994E+01 46.32617000 2.91399994E+01
1 58 41 2.92600002E+01 46.32617000 2.82600002E+01
1 58 40 2.74799995E+01 46.32617000 2.64799995E+01
1 57 40 2.88099995E+01 46.32617000 2.78099995E+01
1 57 39 2.16200008E+01 46.32617000 2.06200008E+01
1 57 38 2.10499992E+01 46.32617000 2.00499992E+01
1 56 38 2.34799995E+01 46.32617000 2.24799995E+01
1 56 37 2.03799992E+01 46.32617000 1.93799992E+01
1 57 37 1.91700001E+01 46.32617000 1.81700001E+01
1 58 37 2.11700001E+01 46.32617000 2.01700001E+01
1 55 38 1.94599991E+01 46.32617000 1.84599991E+01
1 55 37 2.19300003E+01 46.32617000 2.09300003E+01
1 54 37 2.01299992E+01 46.32617000 1.91299992E+01
1 53 37 2.04599991E+01 46.32617000 1.94599991E+01
1 53 38 2.02600002E+01 46.32617000 1.92600002E+01
1 52 38 1.84500008E+01 46.32617000 1.74500008E+01
1 51 38 1.93799992E+01 46.32617000 1.83799992E+01
1 50 38 1.98500004E+01 46.32617000 1.88500004E+01
1 50 39 2.00400009E+01 46.32617000 1.90400009E+01
1 49 39 1.80300007E+01 46.32617000 1.70300007E+01
1 50 44 3.81199989E+01 46.32617000 3.71199989E+01
1 51 44 3.90400009E+01 46.32617000 3.80400009E+01
1 51 42 3.46800003E+01 46.32617000 3.36800003E+01
1 51 43 3.80900002E+01 46.32617000 3.70900002E+01
1 50 42 3.17800007E+01 46.32617000 3.07800007E+01
1 50 43 3.79500008E+01 46.32617000 3.69500008E+01
1 50 41 3.07000008E+01 46.32617000 2.97000008E+01
1 49 41 2.72999992E+01 46.32617000 2.62999992E+01
1 49 40 1.85000000E+01 46.32617000 1.75000000E+01
1 57 19 2.28999996E+01 46.32617000 2.18999996E+01
1 57 20 2.18700008E+01 46.32617000 2.08700008E+01
1 57 21 2.31800003E+01 46.32617000 2.21800003E+01
1 56 21 2.18999996E+01 46.32617000 2.08999996E+01
1 56 22 2.40000000E+01 46.32617000 2.30000000E+01
1 55 22 2.11900005E+01 46.32617000 2.01900005E+01
1 54 22 2.28400002E+01 46.32617000 2.18400002E+01
1 54 23 2.12099991E+01 46.32617000 2.02099991E+01
1 55 23 2.52399998E+01 46.32617000 2.42399998E+01
1 53 23 2.17900009E+01 46.32617000 2.07900009E+01
1 53 24 2.22000008E+01 46.32617000 2.12000008E+01
1 52 24 2.10400009E+01 46.32617000 2.00400009E+01
1 52 25 2.17199993E+01 46.32617000 2.07199993E+01
1 51 25 2.00400009E+01 46.32617000 1.90400009E+01
1 51 26 2.12600002E+01 46.32617000 2.02600002E+01
1 50 26 2.04300003E+01 46.32617000 1.94300003E+01
1 50 27 2.10400009E+01 46.32617000 2.00400009E+01
1 49 27 1.99400005E+01 46.32617000 1.89400005E+01
1 49 28 2.08799992E+01 46.32617000 1.98799992E+01
1 48 28 1.85799999E+01 46.32617000 1.75799999E+01
1 48 29 1.85300007E+01 46.32617000 1.75300007E+01
1 47 29 1.76800003E+01 46.32617000 1.66800003E+01
1 47 30 1.76499996E+01 46.32617000 1.66499996E+01
1 46 30 1.72399998E+01 46.32617000 1.62399998E+01
1 46 31 1.71200008E+01 46.32617000 1.61200008E+01
1 45 31 1.70599995E+01 46.32617000 1.60599995E+01
1 45 32 1.64799995E+01 46.32617000 1.54799995E+01
1 44 32 1.67000008E+01 46.32617000 1.57000008E+01
1 44 33 1.62600002E+01 46.32617000 1.52600002E+01
1 43 33 1.53900003E+01 46.32617000 1.43900003E+01
1 43 34 1.58400002E+01 46.32617000 1.48400002E+01
1 42 34 1.64099998E+01 46.32617000 1.54099998E+01
1 42 35 1.53800001E+01 46.32617000 1.43800001E+01
1 41 35 1.49399996E+01 46.32617000 1.39399996E+01
1 41 36 1.47900000E+01 46.32617000 1.37900000E+01
1 48 39 1.80599995E+01 46.32617000 1.70599995E+01
1 47 39 1.82700005E+01 46.32617000 1.72700005E+01
1 47 40 2.08099995E+01 46.32617000 1.98099995E+01
1 46 40 1.92399998E+01 46.32617000 1.82399998E+01
1 46 39 1.64699993E+01 46.32617000 1.54699993E+01
1 45 39 1.87399998E+01 46.32617000 1.77399998E+01
1 45 38 1.69799995E+01 46.32617000 1.59799995E+01
1 44 38 1.42399998E+01 46.32617000 1.32399998E+01
1 43 38 1.56899996E+01 46.32617000 1.46899996E+01
1 43 37 1.67900009E+01 46.32617000 1.57900009E+01
1 42 38 1.56300001E+01 46.32617000 1.46300001E+01
1 42 37 1.54499998E+01 46.32617000 1.44499998E+01
1 41 37 1.46400003E+01 46.32617000 1.36400003E+01
1 40 36 1.48800001E+01 46.32617000 1.38800001E+01
1 40 37 1.46400003E+01 46.32617000 1.36400003E+01
1 39 37 1.45600004E+01 46.32617000 1.35600004E+01
1 39 38 1.43400002E+01 46.32617000 1.33400002E+01
1 38 38 1.44099998E+01 46.32617000 1.34099998E+01
1 38 39 1.41700001E+01 46.32617000 1.31700001E+01
1 38 40 1.39700003E+01 46.32617000 1.29700003E+01
1 37 40 1.38800001E+01 46.32617000 1.28800001E+01
1 37 41 1.36800003E+01 46.32617000 1.26800003E+01
1 36 41 1.35299997E+01 46.32617000 1.25299997E+01
1 40 44 1.90000000E+01 46.32617000 1.80000000E+01
1 39 44 1.54899998E+01 46.32617000 1.44899998E+01
1 39 43 1.62999992E+01 46.32617000 1.52999992E+01
1 39 42 1.59200001E+01 46.32617000 1.49200001E+01
1 38 42 1.40299997E+01 46.32617000 1.30299997E+01
1 37 42 1.33500004E+01 46.32617000 1.23500004E+01
1 45 56 3.77400017E+01 46.32617000 3.67400017E+01
1 44 56 3.61300011E+01 46.32617000 3.51300011E+01
1 44 55 3.63400002E+01 46.32617000 3.53400002E+01
1 43 56 3.51300011E+01 46.32617000 3.41300011E+01
1 43 55 3.44199982E+01 46.32617000 3.34199982E+01
1 42 55 3.25299988E+01 46.32617000 3.15299988E+01
1 41 55 3.07800007E+01 46.32617000 2.97800007E+01
1 41 56 2.88700008E+01 46.32617000 2.78700008E+01
1 40 56 2.95599995E+01 46.32617000 2.85599995E+01
1 39 56 2.90900002E+01 46.32617000 2.80900002E+01
1 39 55 2.53799992E+01 46.32617000 2.43799992E+01
1 38 55 2.46700001E+01 46.32617000 2.36700001E+01
1 38 54 2.31499996E+01 46.32617000 2.21499996E+01
1 37 55 2.23999996E+01 46.32617000 2.13999996E+01
1 37 54 2.06599998E+01 46.32617000 1.96599998E+01
1 36 54 1.92500000E+01 46.32617000 1.82500000E+01
1 36 53 1.86800003E+01 46.32617000 1.76800003E+01
1 35 53 1.90000000E+01 46.32617000 1.80000000E+01
1 35 52 1.68600006E+01 46.32617000 1.58600006E+01
1 35 51 1.68400002E+01 46.32617000 1.58400002E+01
1 34 51 1.51800003E+01 46.32617000 1.41800003E+01
1 33 51 1.41899996E+01 46.32617000 1.31899996E+01
1 32 51 1.29399996E+01 46.32617000 1.19399996E+01
1 31 51 1.22399998E+01 46.32617000 1.12399998E+01
1 31 50 1.19200001E+01 46.32617000 1.09200001E+01
1 36 42 1.34300003E+01 46.32617000 1.24300003E+01
1 35 42 1.32700005E+01 46.32617000 1.22700005E+01
1 35 43 1.29600000E+01 46.32617000 1.19600000E+01
1 36 43 1.29799995E+01 46.32617000 1.19799995E+01
1 35 44 1.30799999E+01 46.32617000 1.20799999E+01
1 35 45 1.13999996E+01 46.32617000 1.03999996E+01
1 35 46 1.27399998E+01 46.32617000 1.17399998E+01
1 35 47 1.28599997E+01 46.32617000 1.18599997E+01
1 34 47 1.21499996E+01 46.32617000 1.11499996E+01
1 34 48 1.30600004E+01 46.32617000 1.20600004E+01
1 33 48 1.19700003E+01 46.32617000 1.09700003E+01
1 33 49 1.32100000E+01 46.32617000 1.22100000E+01
1 32 49 1.19799995E+01 46.32617000 1.09799995E+01
1 32 50 1.30000000E+01 46.32617000 1.20000000E+01
1 30 50 1.13400002E+01 46.32617000 1.03400002E+01
1 30 51 1.22700005E+01 46.32617000 1.12700005E+01
1 29 51 1.23800001E+01 46.32617000 1.13800001E+01
1 29 52 1.10299997E+01 46.32617000 1.00299997E+01
1 28 52 1.14200001E+01 46.32617000 1.04200001E+01
1 28 53 1.08299999E+01 46.32617000 9.82999992E+00
1 27 53 1.04799995E+01 46.32617000 9.47999954E+00
1 27 54 1.03500004E+01 46.32617000 9.35000038E+00
1 28 54 1.10200005E+01 46.32617000 1.00200005E+01
1 27 55 1.06099997E+01 46.32617000 9.60999966E+00
1 26 54 1.03299999E+01 46.32617000 9.32999992E+00
1 25 54 9.21000004E+00 46.32617000 8.21000004E+00
1 24 54 8.06000042E+00 46.32617000 7.06000042E+00
1 23 54 9.88000011E+00 46.32617000 8.88000011E+00
1 23 55 9.60000038E+00 46.32617000 8.60000038E+00
1 28 50 1.28599997E+01 46.32617000 1.18599997E+01
1 28 51 1.10400000E+01 46.32617000 1.00400000E+01
1 27 51 1.08100004E+01 46.32617000 9.81000042E+00
1 27 52 1.17500000E+01 46.32617000 1.07500000E+01
1 26 52 9.56999969E+00 46.32617000 8.56999969E+00
1 25 52 9.90968990E+00 46.32617000 8.90968990E+00
1 25 53 1.02900000E+01 46.32617000 9.28999996E+00
1 24 53 9.55000019E+00 46.32617000 8.55000019E+00
1 24 52 1.13800001E+01 46.32617000 1.03800001E+01
1 23 53 9.39000034E+00 46.32617000 8.39000034E+00
1 22 53 1.02399998E+01 46.32617000 9.23999977E+00
1 22 54 8.80000019E+00 46.32617000 7.80000019E+00
1 21 54 1.41800003E+01 46.32617000 1.31800003E+01
1 20 54 8.69999981E+00 46.32617000 7.69999981E+00
1 20 55 9.75000000E+00 46.32617000 8.75000000E+00
1 19 55 8.94999981E+00 46.32617000 7.94999981E+00
1 19 54 9.94999981E+00 46.32617000 8.94999981E+00
1 18 55 8.85000038E+00 46.32617000 7.85000038E+00
1 18 54 9.59000015E+00 46.32617000 8.59000015E+00
1 18 48 1.65699997E+01 46.32617000 1.55699997E+01
1 18 49 2.20000000E+01 46.32617000 2.10000000E+01
1 17 55 7.10268831E+00 46.32617000 6.10268831E+00
1 17 54 8.18999958E+00 46.32617000 7.18999958E+00
1 16 54 8.03999996E+00 46.32617000 7.03999996E+00
1 17 49 1.50299997E+01 46.32617000 1.40299997E+01
1 17 50 1.37299995E+01 46.32617000 1.27299995E+01
1 17 51 1.21199999E+01 46.32617000 1.11199999E+01
1 16 51 1.17100000E+01 46.32617000 1.07100000E+01
1 16 52 9.65999985E+00 46.32617000 8.65999985E+00
1 16 53 8.85000038E+00 46.32617000 7.85000038E+00
1 17 53 1.17299995E+01 46.32617000 1.07299995E+01
1 16 55 1.31999998E+01 46.32617000 1.21999998E+01
1 15 54 2.06100006E+01 46.32617000 1.96100006E+01
1 15 55 8.90999985E+00 46.32617000 7.90999985E+00
1 14 55 9.43000031E+00 46.32617000 8.43000031E+00
1 14 54 9.93000031E+00 46.32617000 8.93000031E+00
1 13 54 6.72151852E+00 46.32617000 5.72151852E+00
1 12 54 6.74755096E+00 46.32617000 5.74755096E+00
1 11 54 7.28000021E+00 46.32617000 6.28000021E+00
1 10 54 5.90999985E+00 46.32617000 4.90999985E+00
1 8 52 1.08100004E+01 46.32617000 9.81000042E+00
1 9 52 9.85000038E+00 46.32617000 8.85000038E+00
1 9 53 8.76000023E+00 46.32617000 7.76000023E+00
1 8 53 9.56000042E+00 46.32617000 8.56000042E+00
1 10 53 9.00000000E+00 46.32617000 8.00000000E+00
1 9 54 1.34600000E+01 46.32617000 1.24600000E+01
1 9 51 1.13199997E+01 46.32617000 1.03199997E+01
1 8 51 1.11000004E+01 46.32617000 1.01000004E+01
1 10 55 1.49499998E+01 46.32617000 1.39499998E+01
1 9 55 8.46000004E+00 46.32617000 7.46000004E+00
1 8 55 8.19999981E+00 46.32617000 7.19999981E+00
1 8 56 7.78999996E+00 46.32617000 6.78999996E+00
1 7 56 7.44000006E+00 46.32617000 6.44000006E+00
1 7 57 6.57000017E+00 46.32617000 5.57000017E+00
1 92 4 4.50000000E+01 46.32617000 4.40000000E+01
1 91 3 4.55099983E+01 46.32617000 4.45099983E+01
1 91 4 4.48400002E+01 46.32617000 4.38400002E+01
1 90 4 4.52400017E+01 46.32617000 4.42400017E+01
1 90 5 4.38400002E+01 46.32617000 4.28400002E+01
1 89 5 4.48699989E+01 46.32617000 4.38699989E+01
1 89 6 4.34000015E+01 46.32617000 4.24000015E+01
1 89 7 4.43300018E+01 46.32617000 4.33300018E+01
1 88 7 4.38499985E+01 46.32617000 4.28499985E+01
1 88 8 4.21500015E+01 46.32617000 4.11500015E+01
1 88 10 4.20800018E+01 46.32617000 4.10800018E+01
1 88 9 4.25800018E+01 46.32617000 4.15800018E+01
1 87 8 4.39799995E+01 46.32617000 4.29799995E+01
1 87 7 4.52900009E+01 46.32617000 4.42900009E+01
1 87 9 4.22099991E+01 46.32617000 4.12099991E+01
1 87 10 4.08699989E+01 46.32617000 3.98699989E+01
1 86 10 4.08699989E+01 46.32617000 3.98699989E+01
1 86 9 4.34300003E+01 46.32617000 4.24300003E+01
1 86 8 4.50099983E+01 46.32617000 4.40099983E+01
1 86 7 4.61100006E+01 46.32617000 4.51100006E+01
1 86 11 3.85400009E+01 46.32617000 3.75400009E+01
1 87 11 4.02999992E+01 46.32617000 3.92999992E+01
1 88 11 4.17999992E+01 46.32617000 4.07999992E+01
1 86 12 3.94799995E+01 46.32617000 3.84799995E+01
1 85 12 3.64300003E+01 46.32617000 3.54300003E+01
1 84 12 3.64799995E+01 46.32617000 3.54799995E+01
1 84 13 3.70900002E+01 46.32617000 3.60900002E+01
1 83 13 3.47999992E+01 46.32617000 3.37999992E+01
1 82 13 3.44399986E+01 46.32617000 3.34399986E+01
1 81 13 3.37700005E+01 46.32617000 3.27700005E+01
1 81 14 3.43199997E+01 46.32617000 3.33199997E+01
1 80 14 3.24300003E+01 46.32617000 3.14300003E+01
1 79 14 3.16100006E+01 46.32617000 3.06100006E+01
1 79 15 3.17999992E+01 46.32617000 3.07999992E+01
1 78 15 3.05599995E+01 46.32617000 2.95599995E+01
1 77 15 3.06399994E+01 46.32617000 2.96399994E+01
1 77 16 2.96700001E+01 46.32617000 2.86700001E+01
1 76 16 2.80799999E+01 46.32617000 2.70799999E+01
1 75 16 2.84300003E+01 46.32617000 2.74300003E+01
1 74 16 2.72800007E+01 46.32617000 2.62800007E+01
1 74 17 2.78999996E+01 46.32617000 2.68999996E+01
1 81 10 3.59900017E+01 46.32617000 3.49900017E+01
1 81 11 3.52099991E+01 46.32617000 3.42099991E+01
1 80 11 3.38699989E+01 46.32617000 3.28699989E+01
1 80 10 3.39700012E+01 46.32617000 3.29700012E+01
1 79 11 3.29000015E+01 46.32617000 3.19000015E+01
1 79 12 3.14099998E+01 46.32617000 3.04099998E+01
1 79 13 3.14799995E+01 46.32617000 3.04799995E+01
1 78 12 3.06000004E+01 46.32617000 2.96000004E+01
1 78 13 3.06599998E+01 46.32617000 2.96599998E+01
1 77 13 2.97000008E+01 46.32617000 2.87000008E+01
1 76 13 2.93099995E+01 46.32617000 2.83099995E+01
1 75 13 2.94500008E+01 46.32617000 2.84500008E+01
1 75 14 2.94200001E+01 46.32617000 2.84200001E+01
1 74 14 2.90000000E+01 46.32617000 2.80000000E+01
1 74 15 2.82000008E+01 46.32617000 2.72000008E+01
1 73 16 2.79200001E+01 46.32617000 2.69200001E+01
1 62 10 2.70499992E+01 46.32617000 2.60499992E+01
1 62 11 2.58400002E+01 46.32617000 2.48400002E+01
1 63 11 2.49599991E+01 46.32617000 2.39599991E+01
1 63 12 2.54099998E+01 46.32617000 2.44099998E+01
1 62 12 2.46800003E+01 46.32617000 2.36800003E+01
1 62 13 2.44400005E+01 46.32617000 2.34400005E+01
1 61 13 2.42800007E+01 46.32617000 2.32800007E+01
1 61 14 2.38600006E+01 46.32617000 2.28600006E+01
1 61 15 2.34400005E+01 46.32617000 2.24400005E+01
1 61 16 2.36000004E+01 46.32617000 2.26000004E+01
1 61 17 2.33799992E+01 46.32617000 2.23799992E+01
1 60 17 2.19599991E+01 46.32617000 2.09599991E+01
1 60 18 2.27900009E+01 46.32617000 2.17900009E+01
1 59 17 2.27800007E+01 46.32617000 2.17800007E+01
1 59 18 2.18600006E+01 46.32617000 2.08600006E+01
1 58 18 2.25300007E+01 46.32617000 2.15300007E+01
1 58 19 2.29899998E+01 46.32617000 2.19899998E+01
