17 17 17 17 17 17 17 17 17 17 17 17 17 17 17 17 17 17 17 17 17 17 17 17 17 17 17 17 17 17 17 17 17 17 17 17 17 17 17 17 17 17 17 17 17 17 17 17 17 17 17 17 17 17 17 17 17 17 17 17 17 17 17 17 17 17
17 17 17 17 17 17 17 17 17 17 17 17 17 17 17 17 17 17 17 17 17 17 17 17 17 17 17 17 17 17 17 17 17 17 17 17 17 17 17 17 17 17 17 17 17 17 17 17 17 17 17 17 19 17 17 17 17 17 17 17 17 17 17 17 17 17
17 17 17 17 17 17 17 17 17 17 17 17 17 17 17 17 17 17 17 17 17 17 17 17 17 17 17 17 17 17 17 17 17 17 17 17 17 17 17 17 17 17 17 17 17 17 17 17 17 17 17 17 19 17 17 17 17 17 17 17 17 17 17 17 17 17
17 17 17 17 17 17 17 17 17 17 17 17 17 17 17 17 17 17 17 17 17 17 17 17 17 17 17 17 17 17 17 17 17 17 17 17 17 17 17 17 17 17 17 17 17 17 17 17 17 17 17 17 15 19 17 17 17 17 17 17 17 17 17 17 17 17
17 17 17 17 17 17 17 17 17 17 17 17 17 17 17 17 17 17 17 17 17 17 17 17 17 17 17 17 17 17 17 17 17 17 17 17 17 17 17 17 17 17 17 17 17 17 17 17 17 17 17 15 15 15 19 17 17 17 17 17 17 17 17 17 17 17
17 17 17 17 17 17 17 17 17 17 17 17 17 17 17 17 17 17 17 17 17 17 17 17 17 17 17 17 17 17 17 17 17 17 17 17 17 17 17 17 17 17 17 17 17 17 17 17 17 17 17 15 15 15 19 19 17 17 17 17 17 17 17 17 17 17
17 17 17 17 17 17 17 17 17 17 17 17 17 17 17 17 17 17 17 17 17 17 17 17 17 17 17 17 17 17 17 17 17 17 17 17 17 17 17 17 17 17 17 17 17 17 17 17 17 17 18 15 19 19 19 19 19 19 19 17 17 17 17 17 17 17
17 17 17 17 17 17 17 17 17 17 17 17 17 17 17 17 17 17 17 17 17 17 17 17 17 17 17 17 17 17 17 17 17 17 17 17 17 17 17 17 17 17 17 17 17 17 17 17 17 17 15 19 19 19 19 19 19 19 19 19 17 17 17 17 17 17
17 17 17 17 17 17 17 17 17 17 17 17 17 17 17 17 17 17 17 17 17 17 17 17 17 17 17 17 17 17 17 17 17 17 17 17 17 17 17 17 17 17 17 17 17 17 17 17 17 18 15 19 19 19 19 19 19 19 19 17 17 17 17 17 17 17
17 17 17 17 17 17 17 17 17 17 17 17 17 17 17 17 17 17 17 17 17 17 17 17 17 17 17 17 17 17 17 17 17 17 17 17 17 17 17 17 17 17 17 17 17 17 17 18 18 18 15 15 19 19 19 19 19 17 17 17 17 17 17 17 17 17
17 17 17 17 17 17 17 17 17 17 17 17 17 17 17 17 17 17 17 17 17 17 17 17 17 17 17 17 17 17 17 17 17 17 17 17 17 17 17 17 17 17 17 17 17 18 18 18 18 15 15 15 19 19 19 19 15 17 17 17 17 17 17 17 17 17
17 17 17 17 17 17 17 17 17 17 17 17 17 17 17 17 17 17 17 17 17 17 17 17 17 17 17 17 17 17 17 17 17 17 17 17 17 17 17 17 17 17 17 16 16 18 18 18 18 15 15 15 19 19 19 15 15 17 17 17 17 17 17 17 17 17
17 17 17 17 17 17 17 17 17 17 17 17 17 17 17 17 17 17 17 17 17 17 17 17 17 17 17 17 17 17 17 17 17 17 17 17 17 17 17 17 17 17 16 16 16 18 18 18 15 15 15 19 19 19 19 15 15 17 17 17 17 17 17 17 17 17
17 17 17 17 17 17 17 17 17 17 17 17 17 17 17 17 17 17 17 17 17 17 17 17 17 17 17 17 17 17 17 17 17 17 17 17 17 17 17 17 16 16 16 16 18 18 18 18 15 15 15 19 19 19 19 15 15 17 17 17 17 17 17 17 17 17
17 17 17 17 17 17 17 17 17 17 17 17 17 17 17 17 17 17 17 17 17 17 17 17 17 17 17 17 17 17 17 17 17 17 17 17 17 17 17 16 16 16 16 18 18 18 18 15 15 15 19 19 19 19 19 15 15 17 17 17 17 17 17 17 17 17
17 17 17 17 17 17 17 17 17 17 17 17 17 17 17 17 17 17 17 17 17 17 17 17 17 17 17 17 17 17 17 17 17 17 17 17 17 17 16 16 16 16 18 18 18 18 15 15 15 19 19 19 19 19 19 15 15 15 17 17 17 17 17 17 17 17
17 17 17 17 17 17 17 17 17 17 17 17 17 17 17 17 17 17 17 17 17 17 17 17 17 17 17 17 17 17 17 17 17 17 17 17 17 17 18 18 18 18 18 18 15 15 15 15 19 19 19 19 19 19 19 19 15 15 17 17 17 17 17 17 17 17
17 17 17 17 17 17 17 17 17 17 17 17 17 17 17 17 17 17 17 17 17 17 17 17 17 17 17 17 17 17 17 17 17 17 17 17 17 17 18 18 18 18 18 15 15 15 15 19 19 19 19 19 19 19 19 19 19 19 17 17 17 17 17 17 17 17
17 17 17 17 17 17 17 17 17 17 17 17 17 17 17 17 17 17 17 17 17 17 17 17 17 17 17 17 17 17 17 17 17 17 17 17 17 17 18 18 18 18 15 15 15 15 15 19 19 19 19 19 19 19 19 19 19 19 17 17 17 17 17 17 17 17
17 17 17 17 17 17 17 17 17 17 17 17 17 17 17 17 17 17 17 17 17 17 17 17 17 17 17 17 17 17 17 17 17 17 17 17 17 17 17 18 18 15 15 15 15 15 15 15 15 15 19 19 19 19 15 15 15 15 17 17 17 17 17 17 17 17
17 17 17 17 17 17 17 17 17 17 17 17 17 17 17 17 17 17 17 17 17 17 17 17 17 17 17 17 17 17 17 17 17 17 17 17 17 17 17 18 15 15 15 15 15 15 15 15 15 15 19 19 19 19 15 15 15 15 15 17 17 17 17 17 17 17
17 17 17 17 17 17 17 17 17 17 17 17 17 17 17 17 17 17 17 17 17 17 17 17 17 17 17 17 17 17 17 17 17 17 17 17 17 17 17 17 15 15 15 15 15 15 15 15 15 15 15 19 19 19 19 15 15 15 15 17 17 17 17 17 17 17
17 17 17 17 17 17 17 17 17 17 17 17 17 17 17 17 17 17 17 17 17 17 17 17 17 17 17 17 17 17 17 17 17 17 17 17 17 17 17 17 15 15 15 15 15 15 15 15 15 15 15 19 19 19 19 15 15 15 15 17 17 17 17 17 17 17
17 17 17 17 17 17 17 17 17 17 17 17 17 17 17 17 17 17 17 17 17 17 17 17 17 17 17 17 17 17 17 17 17 17 17 17 17 17 17 18 18 15 15 15 15 15 15 15 15 15 15 19 19 19 19 15 15 15 17 17 17 17 17 17 17 17
17 17 17 17 17 17 17 17 17 17 17 17 17 17 17 17 17 17 17 17 17 17 17 17 17 17 17 17 17 17 17 17 17 17 17 17 17 17 18 18 18 18 15 15 15 15 15 15 15 15 15 19 19 19 19 19 15 15 17 17 17 17 17 17 17 17
17 17 17 17 17 17 17 17 17 17 17 17 17 17 17 17 17 17 17 17 17 17 17 17 17 17 17 17 17 17 17 17 17 17 17 17 17 17 18 18 18 18 15 15 15 15 15 15 15 15 15 19 19 19 19 19 15 15 17 17 17 17 17 17 17 17
17 17 17 17 17 17 17 17 17 17 17 17 17 17 17 17 17 17 17 17 17 17 17 17 17 17 17 17 17 17 17 17 17 17 17 17 17 18 18 18 18 18 15 15 15 15 15 15 15 15 15 19 19 19 19 19 15 15 17 17 17 17 17 17 17 17
17 17 17 17 17 17 17 17 17 17 17 17 17 17 17 17 17 17 17 17 17 17 17 17 17 17 17 17 17 17 17 17 17 17 17 17 18 18 18 18 18 15 15 15 15 15 15 15 15 15 19 19 19 19 19 19 15 15 17 17 17 17 17 17 17 17
17 17 17 17 17 17 17 17 17 17 17 17 17 17 17 17 17 17 17 17 17 17 17 17 17 17 17 17 17 17 17 17 17 17 18 18 18 18 18 18 15 15 15 15 15 15 15 15 15 19 19 19 19 19 19 15 15 15 17 17 17 17 17 17 17 17
17 17 17 17 17 17 17 17 17 17 17 17 17 17 17 17 17 17 17 17 17 17 17 17 17 17 17 17 17 17 17 16 16 18 18 18 18 18 18 15 15 15 15 15 15 15 15 15 19 19 19 19 19 19 19 15 15 17 17 17 17 17 17 17 17 17
17 17 17 17 17 17 17 17 17 17 17 17 17 17 17 17 17 17 17 17 17 17 17 17 17 17 17 17 17 16 16 16 16 18 18 18 18 18 15 15 15 15 15 15 15 15 15 19 19 19 19 19 19 15 15 15 15 15 17 17 17 17 17 17 17 17
17 17 17 17 17 17 17 17 17 17 17 17 17 17 17 17 17 17 17 17 17 17 17 17 17 17 17 17 16 16 16 16 16 18 18 18 18 15 15 15 15 15 15 15 15 15 19 19 19 19 19 19 15 15 15 15 15 15 17 17 17 17 17 17 17 17
17 17 17 17 17 17 17 17 17 17 17 17 17 17 17 17 17 17 17 17 17 17 17 17 17 17 17 17 16 16 16 16 18 18 18 18 15 15 15 15 15 15 15 15 15 19 19 19 19 19 19 15 15 15 15 15 15 15 17 17 17 17 17 17 17 17
17 17 17 17 17 17 17 17 17 17 17 17 17 17 17 17 17 17 17 17 17 17 17 17 17 17 17 16 16 16 16 16 18 18 18 15 15 15 15 15 15 15 15 15 19 19 19 19 19 15 15 15 15 15 15 15 15 18 17 17 17 17 17 17 17 17
17 17 17 17 17 17 17 17 17 17 17 17 17 17 17 17 17 17 17 17 17 17 17 17 17 17 16 16 16 16 16 18 18 18 15 15 15 15 15 15 15 15 18 19 19 19 19 19 15 15 15 15 15 15 15 15 18 18 17 17 17 17 17 17 17 17
17 17 17 17 17 17 17 17 17 17 17 17 17 17 17 17 17 17 17 17 17 17 17 17 17 16 16 16 16 16 16 18 18 15 15 15 15 15 15 15 15 18 19 19 19 19 15 15 15 15 15 15 15 15 18 18 16 17 17 17 17 17 17 17 17 17
17 17 17 17 17 17 17 17 17 17 17 17 17 17 17 17 17 17 17 17 17 17 17 17 16 16 16 16 16 16 18 18 15 15 15 15 15 15 15 15 18 19 19 19 15 15 15 15 15 15 15 15 18 18 16 16 16 17 17 17 17 17 17 17 17 17
17 17 17 17 17 17 17 17 17 17 17 17 17 17 17 17 17 17 17 17 17 17 17 16 16 16 16 16 16 18 18 15 15 15 15 15 15 15 15 18 18 18 15 15 15 15 15 15 15 15 18 18 16 16 16 16 16 17 17 17 17 17 17 17 17 17
17 17 17 17 17 17 17 17 17 17 17 17 17 17 17 17 17 17 17 17 17 17 17 16 16 16 16 18 18 18 15 15 15 15 15 15 15 15 18 18 15 15 15 15 15 15 15 15 18 18 16 16 16 16 16 16 16 17 17 17 17 17 17 17 17 17
17 17 17 17 17 17 17 17 17 17 17 17 17 17 17 17 17 17 17 17 17 17 17 16 16 16 18 18 15 15 15 15 15 15 15 15 15 15 15 15 15 15 15 15 15 15 15 18 18 16 16 16 16 16 16 16 16 16 17 17 17 17 17 17 17 17
17 17 17 17 17 17 17 17 17 17 17 17 17 17 17 17 17 17 17 17 17 17 18 18 18 18 18 15 15 15 15 15 15 15 15 15 15 15 15 15 15 15 15 15 15 18 18 16 16 16 16 16 16 16 16 16 16 16 17 17 17 17 17 17 17 17
17 17 17 17 17 17 17 17 17 17 17 17 17 17 17 17 17 17 17 17 17 18 18 18 18 18 15 15 15 15 15 15 15 15 15 15 15 15 15 15 15 15 15 18 18 18 16 16 16 16 16 16 16 16 16 16 16 16 16 17 17 17 17 17 17 17
17 17 17 17 17 17 17 17 17 17 17 17 17 17 17 17 17 17 17 17 17 18 18 18 18 15 15 15 15 15 15 15 15 15 15 15 15 15 15 15 15 18 18 18 18 16 16 16 16 16 16 16 16 16 16 16 16 16 16 17 17 17 17 17 17 17
17 17 17 17 17 17 17 17 17 17 17 17 17 17 17 17 17 17 17 17 18 18 18 18 15 15 15 15 15 15 15 15 15 15 15 15 15 15 15 15 18 18 18 18 16 16 16 16 16 16 16 16 16 16 16 16 16 16 16 16 17 17 17 17 17 17
17 17 17 17 17 17 17 17 17 17 17 17 17 17 17 17 17 17 17 18 18 18 18 15 15 15 15 15 15 15 15 15 15 15 15 15 15 15 15 18 18 18 16 16 16 16 16 16 16 16 16 16 16 16 16 16 16 16 16 16 17 17 17 17 17 17
17 17 17 17 17 17 17 17 17 17 17 17 17 17 17 17 17 17 18 18 18 18 15 15 15 15 15 15 15 15 15 15 15 15 15 15 15 15 15 18 18 18 16 16 16 16 16 16 16 16 16 16 16 16 16 16 16 16 17 17 17 17 17 17 17 17
17 17 17 17 17 17 17 17 17 17 17 17 17 17 17 17 15 18 18 18 18 15 15 15 15 15 15 15 15 15 15 15 15 15 15 15 15 15 15 18 18 18 16 16 16 16 16 16 16 16 16 16 16 16 16 16 16 17 17 17 17 17 17 17 17 17
17 17 17 17 17 17 17 17 17 17 17 17 15 15 15 15 15 15 15 15 15 15 15 15 15 15 15 15 15 15 15 15 15 15 15 15 15 15 15 18 18 18 16 16 16 16 16 16 16 16 16 16 16 16 16 16 17 17 17 17 17 17 17 17 17 17
17 17 17 17 17 17 17 17 17 17 17 15 15 15 15 15 15 15 15 15 15 15 15 15 15 15 15 15 15 15 15 15 15 15 15 15 15 15 15 18 18 18 16 16 16 16 16 16 16 16 16 16 16 18 18 17 17 17 17 17 17 17 17 17 17 17
17 17 17 17 17 17 17 17 17 17 15 15 15 15 15 15 15 15 15 15 15 15 15 15 15 15 15 15 15 15 15 15 15 15 15 15 15 15 15 18 18 18 16 16 16 16 16 16 16 16 16 18 18 18 17 17 17 17 17 17 17 17 17 17 17 17
17 17 17 17 17 17 17 17 17 17 15 15 15 15 15 15 15 15 15 15 15 15 15 15 15 15 15 15 15 15 15 15 15 15 15 15 15 15 18 18 18 16 16 16 16 16 16 16 16 16 18 18 18 17 17 17 17 17 17 17 17 17 17 17 17 17
17 17 17 17 17 17 17 17 17 15 15 15 15 15 15 15 15 15 15 15 15 15 15 15 15 15 15 15 15 15 15 15 15 15 15 15 15 15 15 18 16 16 16 16 16 16 16 16 16 16 18 18 18 17 17 17 17 17 17 17 17 17 17 17 17 17
17 17 17 17 17 17 17 17 17 15 15 15 15 15 15 15 15 15 15 15 15 15 15 15 15 15 15 15 15 15 15 15 15 15 15 15 15 15 15 18 16 16 16 16 16 16 16 16 16 16 18 18 17 17 17 17 17 17 17 17 17 17 17 17 17 17
17 17 17 17 17 17 17 17 15 15 15 15 15 15 15 15 15 15 15 15 15 15 15 15 15 15 15 15 15 15 15 15 15 15 15 15 15 15 15 18 16 16 16 16 16 16 16 16 16 16 18 17 17 17 17 17 17 17 17 17 17 17 17 17 17 17
17 17 17 17 17 17 17 15 15 15 15 15 15 15 15 15 15 15 15 15 15 15 15 15 15 15 15 15 15 15 15 15 15 15 15 15 15 15 15 18 16 16 16 16 16 16 16 16 16 16 18 18 17 17 17 17 17 17 17 17 17 17 17 17 17 17
17 17 17 17 17 17 15 15 15 15 15 15 15 15 15 15 15 15 15 15 15 15 15 15 15 15 15 15 15 15 15 15 15 15 15 15 15 15 15 15 18 16 16 16 16 16 16 16 16 16 16 18 17 17 17 17 17 17 17 17 17 17 17 17 17 17
17 17 17 17 17 15 15 15 15 15 15 15 15 15 15 15 15 15 15 15 15 15 15 15 15 15 15 15 15 15 15 15 15 15 15 15 15 15 15 15 18 16 16 16 16 16 16 16 16 16 16 16 18 17 17 17 17 17 17 17 17 17 17 17 17 17
17 17 17 17 15 15 15 15 15 15 15 15 15 15 15 15 15 15 15 15 15 15 15 15 15 15 15 15 15 15 15 15 15 15 15 15 15 15 15 15 18 16 16 16 16 16 16 16 16 16 16 16 16 17 17 17 17 17 17 17 17 17 17 17 17 17
17 17 17 17 15 15 15 15 15 15 15 15 15 15 15 15 15 15 15 15 15 15 15 15 15 15 15 15 15 15 15 15 15 18 18 15 15 15 15 18 18 16 16 16 16 16 16 16 16 16 16 16 16 18 17 17 17 17 17 17 17 17 17 17 17 17
17 17 17 15 15 15 15 15 15 15 15 15 15 15 15 15 15 15 15 15 15 15 15 15 15 15 15 15 15 15 15 15 18 18 15 15 15 15 18 18 16 16 16 16 16 16 16 16 16 16 16 16 16 16 17 17 17 17 17 17 17 17 17 17 17 17
17 17 17 15 15 15 15 15 15 15 15 15 15 15 15 15 15 15 15 15 15 15 15 15 15 15 15 15 15 15 15 18 18 18 15 15 15 15 18 16 16 16 16 16 16 16 16 16 16 16 16 16 16 16 17 17 17 17 17 17 17 17 17 17 17 17
17 17 17 15 15 15 15 15 15 15 15 15 15 15 15 15 15 15 15 15 15 15 15 15 15 15 15 15 15 15 18 18 18 18 15 15 15 15 18 16 16 16 16 16 16 16 16 16 16 16 16 16 16 16 18 17 17 17 17 17 17 17 17 17 17 17
17 17 17 15 15 15 15 15 15 15 15 15 15 15 15 15 15 15 15 15 15 15 15 15 15 15 15 15 15 18 18 18 18 15 15 15 15 18 18 16 16 16 16 16 16 16 16 16 16 16 16 16 16 16 16 18 17 17 17 17 17 17 17 17 17 17
17 17 17 15 15 15 15 15 15 15 15 15 15 15 15 15 15 15 15 15 15 15 15 15 15 15 15 15 18 18 18 18 18 15 15 15 15 15 18 16 16 16 16 16 16 16 16 16 16 16 16 16 16 16 16 16 17 17 17 17 17 17 17 17 17 17
17 17 17 15 15 15 15 15 15 15 15 15 15 15 15 15 15 15 15 15 15 15 15 15 15 15 18 18 18 18 18 18 18 15 15 15 15 15 18 18 16 16 16 16 16 16 16 16 16 16 16 16 16 16 16 16 17 17 17 17 17 17 17 17 17 17
17 17 17 15 15 15 15 15 15 15 15 15 15 15 15 15 15 15 15 15 15 15 15 15 15 18 18 18 18 18 18 18 18 15 15 15 15 15 15 18 18 16 16 16 16 16 16 16 16 16 16 16 16 16 16 17 17 17 17 17 17 17 17 17 17 17
17 17 17 15 15 15 15 15 15 15 15 15 15 15 15 15 15 15 15 15 15 15 18 18 18 18 18 18 18 18 18 18 15 15 15 15 15 15 15 15 18 16 16 16 16 16 16 16 16 16 16 16 16 16 16 17 17 17 17 17 17 17 17 17 17 17
17 17 17 15 15 15 15 18 18 18 18 18 15 15 15 15 15 15 15 15 18 18 18 18 18 18 18 18 18 18 18 18 15 15 15 15 15 15 15 15 18 16 16 16 16 16 16 16 16 16 16 16 16 16 16 17 17 17 17 17 17 17 17 17 17 17
17 17 17 15 18 18 16 16 16 16 16 18 15 15 15 15 15 15 15 18 18 18 18 18 18 18 18 18 18 18 18 18 18 15 15 15 15 15 15 15 18 16 16 16 16 16 16 16 16 16 16 16 16 16 16 16 17 16 16 16 16 16 16 17 17 17
17 17 17 16 16 16 16 16 16 16 16 18 15 15 15 15 15 15 18 18 18 18 18 18 18 18 18 18 18 18 18 18 18 15 15 15 15 15 15 15 18 16 16 16 16 16 16 16 16 16 16 16 16 16 16 16 16 16 16 16 16 16 16 17 17 17
17 17 17 16 16 16 16 16 16 16 18 15 15 15 15 15 15 15 18 18 18 18 18 18 18 18 18 18 18 18 18 18 18 15 15 15 15 15 15 15 18 16 16 16 16 16 16 16 16 16 16 16 16 16 16 16 16 16 16 16 16 16 16 17 17 17
17 17 17 16 16 16 16 16 16 18 15 15 15 15 15 15 15 15 15 15 15 15 15 15 15 15 18 18 18 18 18 18 18 18 15 15 15 15 15 15 18 18 16 16 16 16 16 16 16 16 18 18 16 16 16 16 16 16 16 16 16 16 17 17 17 17
17 17 17 16 16 16 16 18 18 15 15 15 15 15 15 15 15 15 15 15 15 15 15 15 15 15 15 18 18 18 18 18 18 18 15 15 15 15 15 15 15 18 18 18 18 18 18 18 18 18 18 18 18 16 16 16 16 16 16 16 16 16 17 17 17 17
17 17 16 16 16 16 18 18 15 15 15 15 15 15 15 15 15 15 15 15 15 15 15 15 15 15 15 15 18 18 18 18 18 18 18 15 15 15 15 15 15 15 15 15 15 15 15 15 15 15 15 15 18 18 16 16 16 16 16 16 16 16 17 17 17 17
17 16 16 16 16 18 18 15 15 15 15 15 15 15 15 15 15 15 15 15 15 15 15 15 15 15 15 15 15 15 15 15 18 18 18 18 15 15 15 15 15 15 15 15 15 15 15 15 15 15 15 15 15 18 16 16 16 16 16 16 16 17 17 17 17 17
17 16 16 18 18 18 15 15 15 15 15 15 15 15 15 15 15 15 15 15 15 15 15 15 15 15 15 15 15 15 15 15 15 15 18 15 15 15 15 15 15 15 15 15 15 15 15 15 15 15 15 15 18 18 16 16 16 16 16 16 16 17 17 17 17 17
17 18 18 18 18 15 15 15 15 15 15 15 15 15 15 15 15 15 15 15 15 15 15 15 15 15 15 15 15 15 15 15 15 15 15 15 15 15 15 15 15 15 15 15 15 15 15 15 15 15 15 15 18 18 16 16 16 16 16 16 16 17 17 17 17 17
17 18 18 18 15 15 15 15 15 15 15 15 15 15 15 15 15 15 15 15 15 15 15 15 15 15 15 15 15 15 15 15 15 15 15 15 15 15 15 15 15 15 15 15 15 15 15 15 15 15 18 18 18 18 16 16 16 16 16 16 17 17 17 17 17 17
18 18 18 15 15 15 15 15 15 15 15 15 15 15 15 15 15 15 15 15 15 15 15 15 15 15 15 15 15 15 15 15 15 15 15 15 15 15 15 15 15 15 15 18 18 18 18 18 18 18 18 18 18 16 16 16 16 16 16 16 17 17 17 17 17 17
18 18 15 15 15 15 15 15 15 15 15 15 15 15 15 15 15 15 15 15 15 15 15 15 15 15 15 15 15 15 15 15 15 15 15 15 15 15 15 15 18 18 18 18 18 18 18 18 18 18 18 18 16 16 16 16 16 16 16 16 17 17 17 17 17 17
15 15 15 15 15 15 15 15 15 15 15 15 15 15 15 15 15 15 15 15 15 15 15 15 15 15 15 15 15 15 15 15 15 15 15 15 15 15 15 18 18 18 16 16 16 16 16 16 16 16 16 16 16 16 16 16 16 16 16 16 17 17 17 17 17 17
15 15 15 15 15 15 15 15 15 15 15 15 15 15 15 15 15 15 15 15 15 15 15 15 15 15 15 15 15 15 15 15 15 15 15 15 15 15 15 18 18 18 16 16 16 16 16 16 16 16 16 16 16 16 16 16 16 16 16 17 17 17 17 17 17 17
15 15 15 15 15 15 15 15 15 15 15 15 15 15 15 15 15 15 15 15 15 15 15 15 15 15 15 15 15 15 15 15 15 15 15 15 15 15 15 15 18 18 18 18 16 16 16 16 16 16 16 16 16 16 16 16 16 16 17 17 17 17 17 17 17 17
15 15 15 15 15 15 15 15 15 15 15 15 15 15 15 15 15 15 15 15 15 15 15 15 15 15 15 15 15 15 15 15 15 15 15 15 15 15 15 15 15 15 18 18 18 18 16 16 16 16 16 16 16 16 16 16 16 16 17 17 17 17 17 17 17 17
15 15 15 15 15 15 15 15 15 15 15 15 15 15 15 15 15 15 15 15 15 15 15 15 15 15 15 15 15 15 15 15 15 15 15 15 15 15 15 15 15 15 15 15 18 18 18 16 16 16 16 16 16 16 16 16 16 17 17 17 17 17 17 17 17 17
17 15 15 15 15 15 15 15 15 15 15 15 15 15 15 15 15 15 15 15 15 15 15 15 15 15 15 15 15 15 15 15 15 15 15 15 15 15 15 15 15 15 15 15 18 18 18 18 16 16 16 16 16 16 16 16 17 17 17 17 17 17 17 17 17 17
17 15 15 15 15 15 15 15 15 15 15 15 15 15 15 15 15 15 15 15 15 15 15 15 15 15 15 15 15 15 15 15 15 15 15 15 15 15 15 15 15 15 15 15 18 18 18 18 18 16 16 16 16 16 16 16 17 17 17 17 17 17 17 17 17 17
17 15 15 15 15 15 15 15 15 15 15 15 15 15 15 15 15 15 15 15 15 15 15 15 15 15 15 15 15 15 15 15 15 15 15 15 15 15 15 15 15 15 15 15 15 18 18 18 18 16 16 16 16 16 16 17 17 17 17 17 17 17 17 17 17 17
17 17 15 15 15 15 15 15 15 15 15 15 15 15 15 15 15 15 15 15 15 15 15 15 15 15 15 15 15 15 15 15 15 15 15 15 15 15 15 15 15 15 15 15 15 15 18 18 18 18 16 16 16 16 16 17 17 17 17 17 17 17 17 17 17 17
17 17 15 15 15 15 15 15 15 15 15 15 15 15 15 15 15 15 15 15 15 15 15 15 15 15 15 15 15 15 15 15 15 15 15 15 15 15 15 15 15 15 15 15 15 15 18 18 18 18 16 16 16 16 16 17 17 17 17 17 17 17 17 17 17 17
17 17 15 15 15 15 15 15 15 15 15 15 15 15 15 15 15 15 15 15 15 15 15 15 15 15 15 15 15 15 15 15 15 15 15 15 15 15 15 15 15 15 15 15 15 15 18 18 18 18 18 16 16 16 16 17 17 17 17 17 17 17 17 17 17 17
17 17 17 15 18 18 18 18 18 18 18 18 18 18 18 18 18 18 18 18 15 15 15 15 15 15 15 15 15 15 15 15 15 15 15 15 15 15 15 15 15 15 15 15 15 15 15 18 18 18 18 16 16 16 16 16 18 17 17 17 17 17 17 17 17 17
17 17 17 18 18 18 18 18 18 18 18 18 18 18 18 18 18 18 18 18 18 18 18 18 15 15 15 15 15 15 15 15 15 15 15 15 15 15 15 15 15 15 15 15 15 15 15 18 18 18 18 16 16 16 16 16 18 17 17 17 17 17 17 17 17 17
17 17 17 18 18 18 18 18 18 18 18 18 18 18 18 16 16 16 16 16 18 18 18 18 18 18 15 15 15 15 15 15 15 15 15 15 15 15 15 15 15 15 15 15 15 15 15 18 18 18 18 16 16 16 16 18 18 17 17 17 17 17 17 17 17 17
17 17 17 17 18 18 18 18 18 18 18 18 18 16 16 16 16 16 16 16 16 16 18 18 18 18 18 15 15 15 15 15 15 15 15 15 15 15 15 15 15 15 15 15 15 15 15 15 18 18 18 18 16 16 16 18 18 17 17 17 17 17 17 17 17 17
17 17 17 17 18 18 18 18 18 18 18 16 16 16 16 16 16 16 16 16 16 16 18 18 18 18 18 18 15 15 15 15 15 15 15 15 15 15 15 15 15 15 15 15 15 15 15 15 18 18 18 18 16 16 16 18 18 17 17 17 17 17 17 17 17 17
17 17 17 17 18 18 18 18 18 16 16 16 16 16 16 16 16 16 16 16 16 16 18 18 18 18 18 18 18 15 15 15 15 15 15 15 15 15 15 15 15 15 15 15 15 15 15 15 15 18 18 18 16 16 16 16 16 17 17 17 17 17 17 17 17 17
17 17 17 17 17 18 18 16 16 16 16 16 16 16 16 16 16 16 16 16 16 16 18 18 18 18 18 18 18 18 15 15 15 15 15 15 15 15 15 15 15 15 15 15 15 15 15 15 15 18 18 18 16 16 16 16 16 17 17 17 17 17 17 17 17 17
17 17 17 17 17 16 16 16 16 16 16 16 16 16 17 17 16 16 16 16 16 18 18 18 18 18 18 18 18 18 18 15 15 15 15 15 15 15 15 15 15 15 15 15 15 15 15 15 15 15 18 18 18 16 16 16 16 16 17 17 17 17 17 17 17 17
17 17 17 17 17 17 16 16 16 16 16 17 17 17 17 17 17 16 16 18 18 18 18 18 18 18 18 18 18 18 18 18 15 15 15 15 15 15 15 15 15 15 15 15 15 15 15 15 15 15 18 18 18 16 16 16 16 16 16 17 17 17 17 17 17 17
17 17 17 17 17 17 16 16 16 16 17 17 17 17 17 17 17 16 18 18 18 18 18 18 18 18 18 18 18 18 18 18 15 15 15 15 15 15 15 15 15 15 15 15 15 15 15 15 15 15 15 18 18 18 16 16 16 16 16 16 18 17 17 17 17 17
17 17 17 17 17 17 17 17 17 17 17 17 17 17 17 17 17 17 18 18 18 18 18 18 18 18 18 18 18 18 18 18 18 18 15 15 15 15 15 15 15 15 15 15 15 15 15 15 15 15 15 15 18 18 16 16 16 16 16 16 18 17 17 17 17 17
17 17 17 17 17 17 17 17 17 17 17 17 17 17 17 17 17 17 17 18 17 18 18 18 18 18 18 18 18 18 18 18 18 18 18 18 15 15 15 15 15 15 15 15 15 15 15 15 15 15 15 15 15 18 18 16 16 16 16 16 18 17 17 17 17 17
17 17 17 17 17 17 17 17 17 17 17 17 17 17 17 17 17 17 17 17 17 17 18 18 18 18 18 18 18 18 18 18 18 18 18 18 18 15 15 15 15 15 15 15 15 15 15 15 15 15 15 15 15 15 18 18 16 16 16 18 18 18 17 17 17 17
17 17 17 17 17 17 17 17 17 17 17 17 17 17 17 17 17 17 17 17 17 17 18 18 18 18 18 18 18 18 18 18 18 18 18 18 18 15 15 15 15 15 15 15 15 15 15 15 15 15 15 15 15 15 18 18 16 16 16 18 18 18 18 17 17 17
17 17 17 17 17 17 17 17 17 17 17 17 17 17 17 17 17 17 17 17 17 17 17 18 18 18 18 18 18 18 18 18 18 18 18 18 17 15 15 15 15 15 15 15 15 15 15 15 15 15 15 15 15 15 18 18 18 16 16 18 18 18 18 18 17 17
17 17 17 17 17 17 17 17 17 17 17 17 17 17 17 17 17 17 17 17 17 17 17 17 17 17 18 18 18 18 18 18 17 17 17 17 17 15 15 15 15 15 15 15 15 15 15 15 15 15 15 15 15 18 18 18 18 16 16 18 18 18 18 18 18 18
17 17 17 17 17 17 17 17 17 17 17 17 17 17 17 17 17 17 17 17 17 17 17 17 17 17 17 17 15 15 15 17 17 17 17 17 17 17 15 15 15 15 15 15 15 15 15 15 15 15 15 18 18 18 18 18 16 16 16 16 16 18 18 18 18 18
17 17 17 17 17 17 17 17 17 17 17 17 17 17 17 17 17 17 17 17 17 17 17 17 17 17 17 17 17 17 17 17 17 17 17 17 17 17 17 15 15 15 15 15 15 15 15 15 18 18 18 18 18 18 18 16 16 16 16 16 16 18 18 18 18 18
17 17 17 17 17 17 17 17 17 17 17 17 17 17 17 17 17 17 17 17 17 17 17 17 17 17 17 17 17 17 17 17 17 17 17 17 17 17 17 15 15 15 15 15 18 18 18 18 18 18 18 16 16 16 16 16 16 16 16 16 16 18 18 18 18 17
17 17 17 17 17 17 17 17 17 17 17 17 17 17 17 17 17 17 17 17 17 17 17 17 17 17 17 17 17 17 17 17 17 17 17 17 17 17 17 17 18 18 18 18 18 18 18 18 16 16 16 16 16 16 16 16 16 16 16 16 16 18 18 18 18 17
17 17 17 17 17 17 17 17 17 17 17 17 17 17 17 17 17 17 17 17 17 17 17 17 17 17 17 17 17 17 17 17 17 17 17 17 17 17 17 17 17 16 16 16 16 16 16 16 16 16 16 16 16 16 16 16 16 16 16 16 18 18 18 18 18 17
17 17 17 17 17 17 17 17 17 17 17 17 17 17 17 17 17 17 17 17 17 17 17 17 17 17 17 17 17 17 17 17 17 17 17 17 17 17 17 17 16 16 16 16 16 16 16 16 16 16 16 16 16 16 16 16 16 16 16 16 18 18 18 18 17 17
17 17 17 17 17 17 17 17 17 17 17 17 17 17 17 17 17 17 17 17 17 17 17 17 17 17 17 17 17 17 17 17 17 17 17 17 17 17 17 17 16 16 16 16 16 16 16 16 16 16 16 16 16 16 16 16 16 16 16 16 18 18 17 17 17 17
17 17 17 17 17 17 17 17 17 17 17 17 17 17 17 17 17 17 17 17 17 17 17 17 17 17 17 17 17 17 17 17 17 17 17 17 17 17 17 17 16 16 16 16 16 16 16 16 16 16 16 16 16 16 16 16 16 16 16 18 18 17 17 17 17 17
17 17 17 17 17 17 17 17 17 17 17 17 17 17 17 17 17 17 17 17 17 17 17 17 17 17 17 17 17 17 17 17 17 17 17 17 17 17 17 17 16 16 16 16 16 16 16 16 16 16 16 16 16 17 17 17 17 16 16 17 17 17 17 17 17 17
