  single point
            k3     200.0000000000000         1.000000         0.000000    
            k1    0.6790230000000000         1.000000         0.000000    
            k2    0.3496951000000000         1.000000         0.000000    
            k6     75.10679000000000         1.000000         0.000000    
            k4     16.39827000000000         1.000000         0.000000    
            k5    1.0000000000000000E-03     1.000000         0.000000    
            k7     32.20570000000000         1.000000         0.000000    
            k9    1.6000000000000000E-02     1.000000         0.000000    
            k8    1.0000000000000000E-03     1.000000         0.000000    
           k10    1.0000000000000000E-03     1.000000         0.000000    
           k11     200.0000000000000         1.000000         0.000000    
           k13     2.358896000000000         1.000000         0.000000    
           k12    1.0000000000000000E-03     1.000000         0.000000    
           k14    1.0000000000000000E-03     1.000000         0.000000    
             c     513.0062000000000         1.000000         0.000000    
