1 112 51 5.71899986E+01 29.91391000 5.61899986E+01
1 113 51 5.88800011E+01 29.91391000 5.78800011E+01
1 112 52 5.64700012E+01 29.91391000 5.54700012E+01
1 111 52 5.58899994E+01 29.91391000 5.48899994E+01
1 111 53 5.54599991E+01 29.91391000 5.44599991E+01
1 110 53 5.51199989E+01 29.91391000 5.41199989E+01
1 110 54 5.48300018E+01 29.91391000 5.38300018E+01
1 109 54 5.34000015E+01 29.91391000 5.24000015E+01
1 109 53 5.49300003E+01 29.91391000 5.39300003E+01
1 108 54 5.30999985E+01 29.91391000 5.20999985E+01
1 108 55 5.36399994E+01 29.91391000 5.26399994E+01
1 107 54 5.26699982E+01 29.91391000 5.16699982E+01
1 109 62 6.52500000E+01 29.91391000 6.42500000E+01
1 108 62 6.53700027E+01 29.91391000 6.43700027E+01
1 108 63 6.68499985E+01 29.91391000 6.58499985E+01
1 109 63 6.93099976E+01 29.91391000 6.83099976E+01
1 109 61 6.32999992E+01 29.91391000 6.22999992E+01
1 108 61 6.50100021E+01 29.91391000 6.40100021E+01
1 109 60 6.19799995E+01 29.91391000 6.09799995E+01
1 109 59 6.05000000E+01 29.91391000 5.95000000E+01
1 110 59 6.06599998E+01 29.91391000 5.96599998E+01
1 110 58 5.84099998E+01 29.91391000 5.74099998E+01
1 109 50 5.50499992E+01 29.91391000 5.40499992E+01
1 109 51 5.52000008E+01 29.91391000 5.42000008E+01
1 108 51 5.48199997E+01 29.91391000 5.38199997E+01
1 108 52 5.44099998E+01 29.91391000 5.34099998E+01
1 108 53 5.38400002E+01 29.91391000 5.28400002E+01
1 110 57 5.65200005E+01 29.91391000 5.55200005E+01
1 109 57 5.68600006E+01 29.91391000 5.58600006E+01
1 109 56 5.45400009E+01 29.91391000 5.35400009E+01
1 108 56 5.34700012E+01 29.91391000 5.24700012E+01
1 107 55 5.17200012E+01 29.91391000 5.07200012E+01
1 107 56 5.52599983E+01 29.91391000 5.42599983E+01
1 113 42 5.79599991E+01 29.91391000 5.69599991E+01
1 113 43 5.76300011E+01 29.91391000 5.66300011E+01
1 112 43 5.67700005E+01 29.91391000 5.57700005E+01
1 112 44 5.64599991E+01 29.91391000 5.54599991E+01
1 113 44 5.77000008E+01 29.91391000 5.67000008E+01
1 112 45 5.65999985E+01 29.91391000 5.55999985E+01
1 111 45 5.55800018E+01 29.91391000 5.45800018E+01
1 111 46 5.57000008E+01 29.91391000 5.47000008E+01
1 111 47 5.61500015E+01 29.91391000 5.51500015E+01
1 110 47 5.54599991E+01 29.91391000 5.44599991E+01
1 110 46 5.50299988E+01 29.91391000 5.40299988E+01
1 109 46 5.43300018E+01 29.91391000 5.33300018E+01
1 109 45 5.35800018E+01 29.91391000 5.25800018E+01
1 108 30 5.24900017E+01 29.91391000 5.14900017E+01
1 111 41 5.62200012E+01 29.91391000 5.52200012E+01
1 111 42 5.63499985E+01 29.91391000 5.53499985E+01
1 110 41 5.57000008E+01 29.91391000 5.47000008E+01
1 110 42 5.54000015E+01 29.91391000 5.44000015E+01
1 109 42 5.44300003E+01 29.91391000 5.34300003E+01
1 109 43 5.44900017E+01 29.91391000 5.34900017E+01
1 108 43 5.35499992E+01 29.91391000 5.25499992E+01
1 107 43 5.30800018E+01 29.91391000 5.20800018E+01
1 106 43 5.27599983E+01 29.91391000 5.17599983E+01
1 107 44 5.29799995E+01 29.91391000 5.19799995E+01
1 106 44 5.19300003E+01 29.91391000 5.09300003E+01
1 106 45 5.15200005E+01 29.91391000 5.05200005E+01
1 105 44 5.13600006E+01 29.91391000 5.03600006E+01
1 105 45 5.09799995E+01 29.91391000 4.99799995E+01
1 108 45 5.38400002E+01 29.91391000 5.28400002E+01
1 108 46 5.34199982E+01 29.91391000 5.24199982E+01
1 107 45 5.30099983E+01 29.91391000 5.20099983E+01
1 106 55 5.36399994E+01 29.91391000 5.26399994E+01
1 106 54 5.14700012E+01 29.91391000 5.04700012E+01
1 105 54 5.35499992E+01 29.91391000 5.25499992E+01
1 105 53 5.10600014E+01 29.91391000 5.00600014E+01
1 104 53 4.93499985E+01 29.91391000 4.83499985E+01
1 105 50 5.07099991E+01 29.91391000 4.97099991E+01
1 104 50 5.11399994E+01 29.91391000 5.01399994E+01
1 104 51 4.97900009E+01 29.91391000 4.87900009E+01
1 104 52 5.04199982E+01 29.91391000 4.94199982E+01
1 103 51 5.00200005E+01 29.91391000 4.90200005E+01
1 103 52 4.75200005E+01 29.91391000 4.65200005E+01
1 104 45 4.89199982E+01 29.91391000 4.79199982E+01
1 103 45 4.85800018E+01 29.91391000 4.75800018E+01
1 102 45 4.73699989E+01 29.91391000 4.63699989E+01
1 101 58 6.04099998E+01 29.91391000 5.94099998E+01
1 102 57 5.83499985E+01 29.91391000 5.73499985E+01
1 102 58 5.99099998E+01 29.91391000 5.89099998E+01
1 102 56 5.73600006E+01 29.91391000 5.63600006E+01
1 101 57 5.88600006E+01 29.91391000 5.78600006E+01
1 101 56 5.83300018E+01 29.91391000 5.73300018E+01
1 103 55 5.57000008E+01 29.91391000 5.47000008E+01
1 103 56 5.79700012E+01 29.91391000 5.69700012E+01
1 102 55 5.63899994E+01 29.91391000 5.53899994E+01
1 103 54 5.32500000E+01 29.91391000 5.22500000E+01
1 104 54 5.45299988E+01 29.91391000 5.35299988E+01
1 101 45 4.72900009E+01 29.91391000 4.62900009E+01
1 102 51 4.87500000E+01 29.91391000 4.77500000E+01
1 102 50 4.86899986E+01 29.91391000 4.76899986E+01
1 101 50 4.75299988E+01 29.91391000 4.65299988E+01
1 101 49 4.83899994E+01 29.91391000 4.73899994E+01
1 100 49 4.48600006E+01 29.91391000 4.38600006E+01
1 99 49 4.72799988E+01 29.91391000 4.62799988E+01
1 99 48 4.41100006E+01 29.91391000 4.31100006E+01
1 99 47 4.51500015E+01 29.91391000 4.41500015E+01
1 98 48 4.45299988E+01 29.91391000 4.35299988E+01
1 98 47 4.48400002E+01 29.91391000 4.38400002E+01
1 101 46 4.77400017E+01 29.91391000 4.67400017E+01
1 100 46 4.53600006E+01 29.91391000 4.43600006E+01
1 99 46 4.60299988E+01 29.91391000 4.50299988E+01
1 107 30 5.25900002E+01 29.91391000 5.15900002E+01
1 107 31 5.31300011E+01 29.91391000 5.21300011E+01
1 108 31 5.29599991E+01 29.91391000 5.19599991E+01
1 106 31 5.29500008E+01 29.91391000 5.19500008E+01
1 106 32 5.35499992E+01 29.91391000 5.25499992E+01
1 107 32 5.39599991E+01 29.91391000 5.29599991E+01
1 105 31 5.30299988E+01 29.91391000 5.20299988E+01
1 105 32 5.38699989E+01 29.91391000 5.28699989E+01
1 104 31 5.31800003E+01 29.91391000 5.21800003E+01
1 104 30 5.27700005E+01 29.91391000 5.17700005E+01
1 103 30 5.25999985E+01 29.91391000 5.15999985E+01
1 106 24 5.37299995E+01 29.91391000 5.27299995E+01
1 106 25 5.27799988E+01 29.91391000 5.17799988E+01
1 105 26 5.26800003E+01 29.91391000 5.16800003E+01
1 105 25 5.29500008E+01 29.91391000 5.19500008E+01
1 106 26 5.30600014E+01 29.91391000 5.20600014E+01
1 105 27 5.27700005E+01 29.91391000 5.17700005E+01
1 104 27 5.32000008E+01 29.91391000 5.22000008E+01
1 104 28 5.29000015E+01 29.91391000 5.19000015E+01
1 104 29 5.28300018E+01 29.91391000 5.18300018E+01
1 103 29 5.34099998E+01 29.91391000 5.24099998E+01
1 107 38 5.53100014E+01 29.91391000 5.43100014E+01
1 107 39 5.47599983E+01 29.91391000 5.37599983E+01
1 106 39 5.48100014E+01 29.91391000 5.38100014E+01
1 106 40 5.45000000E+01 29.91391000 5.35000000E+01
1 105 40 5.38699989E+01 29.91391000 5.28699989E+01
1 106 41 5.39900017E+01 29.91391000 5.29900017E+01
1 105 41 5.31199989E+01 29.91391000 5.21199989E+01
1 104 40 5.38300018E+01 29.91391000 5.28300018E+01
1 104 41 5.26199989E+01 29.91391000 5.16199989E+01
1 103 41 5.24199982E+01 29.91391000 5.14199982E+01
1 103 42 5.13600006E+01 29.91391000 5.03600006E+01
1 102 42 5.07999992E+01 29.91391000 4.97999992E+01
1 105 43 5.15999985E+01 29.91391000 5.05999985E+01
1 104 43 5.10200005E+01 29.91391000 5.00200005E+01
1 103 43 5.09500008E+01 29.91391000 4.99500008E+01
1 104 44 5.09000015E+01 29.91391000 4.99000015E+01
1 103 44 4.95000000E+01 29.91391000 4.85000000E+01
1 102 44 4.98699989E+01 29.91391000 4.88699989E+01
1 103 20 5.44500008E+01 29.91391000 5.34500008E+01
1 102 20 5.33499985E+01 29.91391000 5.23499985E+01
1 102 19 5.22400017E+01 29.91391000 5.12400017E+01
1 102 43 5.05999985E+01 29.91391000 4.95999985E+01
1 101 43 4.96500015E+01 29.91391000 4.86500015E+01
1 101 44 4.78600006E+01 29.91391000 4.68600006E+01
1 102 30 5.24700012E+01 29.91391000 5.14700012E+01
1 101 29 5.20499992E+01 29.91391000 5.10499992E+01
1 101 30 5.23400002E+01 29.91391000 5.13400002E+01
1 102 29 5.29000015E+01 29.91391000 5.19000015E+01
1 100 29 5.12099991E+01 29.91391000 5.02099991E+01
1 100 28 5.13699989E+01 29.91391000 5.03699989E+01
1 99 28 5.06599998E+01 29.91391000 4.96599998E+01
1 100 27 5.12200012E+01 29.91391000 5.02200012E+01
1 99 27 5.02400017E+01 29.91391000 4.92400017E+01
1 99 29 5.07799988E+01 29.91391000 4.97799988E+01
1 98 27 5.00800018E+01 29.91391000 4.90800018E+01
1 99 26 5.08300018E+01 29.91391000 4.98300018E+01
1 98 26 5.04199982E+01 29.91391000 4.94199982E+01
1 97 47 4.30200005E+01 29.91391000 4.20200005E+01
1 97 46 4.55900002E+01 29.91391000 4.45900002E+01
1 96 46 4.37599983E+01 29.91391000 4.27599983E+01
1 96 45 4.30900002E+01 29.91391000 4.20900002E+01
1 95 45 4.30699997E+01 29.91391000 4.20699997E+01
1 95 44 4.37999992E+01 29.91391000 4.27999992E+01
1 94 44 4.35400009E+01 29.91391000 4.25400009E+01
1 94 43 4.38899994E+01 29.91391000 4.28899994E+01
1 93 43 4.31899986E+01 29.91391000 4.21899986E+01
1 93 44 4.52900009E+01 29.91391000 4.42900009E+01
1 92 43 3.98300018E+01 29.91391000 3.88300018E+01
1 88 50 4.95499992E+01 29.91391000 4.85499992E+01
1 88 49 4.86699982E+01 29.91391000 4.76699982E+01
1 89 49 4.71699982E+01 29.91391000 4.61699982E+01
1 89 48 4.65900002E+01 29.91391000 4.55900002E+01
1 90 48 4.73199997E+01 29.91391000 4.63199997E+01
1 90 47 4.61500015E+01 29.91391000 4.51500015E+01
1 91 47 4.64799995E+01 29.91391000 4.54799995E+01
1 91 45 4.53499985E+01 29.91391000 4.43499985E+01
1 91 46 4.45000000E+01 29.91391000 4.35000000E+01
1 92 45 4.49000015E+01 29.91391000 4.39000015E+01
1 92 44 4.28600006E+01 29.91391000 4.18600006E+01
1 91 44 4.54399986E+01 29.91391000 4.44399986E+01
1 102 21 5.39000015E+01 29.91391000 5.29000015E+01
1 101 20 5.35099983E+01 29.91391000 5.25099983E+01
1 101 21 5.33899994E+01 29.91391000 5.23899994E+01
1 101 22 5.29799995E+01 29.91391000 5.19799995E+01
1 101 23 5.27200012E+01 29.91391000 5.17200012E+01
1 100 22 5.31899986E+01 29.91391000 5.21899986E+01
1 100 23 5.26199989E+01 29.91391000 5.16199989E+01
1 100 24 5.17999992E+01 29.91391000 5.07999992E+01
1 99 24 5.16699982E+01 29.91391000 5.06699982E+01
1 100 25 5.16899986E+01 29.91391000 5.06899986E+01
1 99 25 5.08199997E+01 29.91391000 4.98199997E+01
1 98 25 5.17799988E+01 29.91391000 5.07799988E+01
1 97 27 5.06399994E+01 29.91391000 4.96399994E+01
1 97 28 4.88100014E+01 29.91391000 4.78100014E+01
1 97 29 4.88499985E+01 29.91391000 4.78499985E+01
1 96 29 4.98600006E+01 29.91391000 4.88600006E+01
1 96 30 4.85699997E+01 29.91391000 4.75699997E+01
1 96 31 4.75900002E+01 29.91391000 4.65900002E+01
1 96 32 4.77999992E+01 29.91391000 4.67999992E+01
1 95 32 4.68400002E+01 29.91391000 4.58400002E+01
1 95 33 4.66899986E+01 29.91391000 4.56899986E+01
1 94 33 4.64242439E+01 29.91391000 4.54242439E+01
1 94 34 4.53600006E+01 29.91391000 4.43600006E+01
1 93 34 4.52099991E+01 29.91391000 4.42099991E+01
1 93 35 4.31699982E+01 29.91391000 4.21699982E+01
1 92 35 4.28800011E+01 29.91391000 4.18800011E+01
1 92 36 4.35499992E+01 29.91391000 4.25499992E+01
1 91 36 4.05200005E+01 29.91391000 3.95200005E+01
1 90 36 3.88499985E+01 29.91391000 3.78499985E+01
1 90 37 4.09399986E+01 29.91391000 3.99399986E+01
1 89 37 3.53699989E+01 29.91391000 3.43699989E+01
1 88 37 3.69700012E+01 29.91391000 3.59700012E+01
1 88 38 3.60499992E+01 29.91391000 3.50499992E+01
1 87 38 3.37000008E+01 29.91391000 3.27000008E+01
1 86 38 3.14799995E+01 29.91391000 3.04799995E+01
1 91 43 4.12599983E+01 29.91391000 4.02599983E+01
1 91 42 3.94500008E+01 29.91391000 3.84500008E+01
1 90 42 4.17400017E+01 29.91391000 4.07400017E+01
1 90 41 3.76399994E+01 29.91391000 3.66399994E+01
1 89 41 3.61399994E+01 29.91391000 3.51399994E+01
1 89 40 3.68199997E+01 29.91391000 3.58199997E+01
1 88 40 3.39700012E+01 29.91391000 3.29700012E+01
1 88 39 3.62299995E+01 29.91391000 3.52299995E+01
1 87 40 3.59399986E+01 29.91391000 3.49399986E+01
1 87 39 3.32599983E+01 29.91391000 3.22599983E+01
1 90 31 4.34500008E+01 29.91391000 4.24500008E+01
1 90 32 4.31399994E+01 29.91391000 4.21399994E+01
1 89 32 4.18499985E+01 29.91391000 4.08499985E+01
1 89 31 4.31599998E+01 29.91391000 4.21599998E+01
1 89 33 4.05499992E+01 29.91391000 3.95499992E+01
1 88 33 4.02799988E+01 29.91391000 3.92799988E+01
1 88 34 3.93600006E+01 29.91391000 3.83600006E+01
1 87 34 3.82299995E+01 29.91391000 3.72299995E+01
1 87 35 3.74500008E+01 29.91391000 3.64500008E+01
1 86 35 3.41500015E+01 29.91391000 3.31500015E+01
1 86 36 3.53100014E+01 29.91391000 3.43100014E+01
1 85 36 3.20000000E+01 29.91391000 3.10000000E+01
1 85 37 3.10499992E+01 29.91391000 3.00499992E+01
1 84 37 3.56500015E+01 29.91391000 3.46500015E+01
1 87 47 4.42799988E+01 29.91391000 4.32799988E+01
1 87 46 4.37900009E+01 29.91391000 4.27900009E+01
1 86 46 4.35299988E+01 29.91391000 4.25299988E+01
1 86 45 4.23800011E+01 29.91391000 4.13800011E+01
1 87 45 4.25400009E+01 29.91391000 4.15400009E+01
1 87 44 4.22999992E+01 29.91391000 4.12999992E+01
1 86 44 4.19300003E+01 29.91391000 4.09300003E+01
1 86 43 4.12500000E+01 29.91391000 4.02500000E+01
1 86 42 4.05800018E+01 29.91391000 3.95800018E+01
1 86 41 4.00699997E+01 29.91391000 3.90699997E+01
1 87 41 3.96800003E+01 29.91391000 3.86800003E+01
1 86 40 3.90200005E+01 29.91391000 3.80200005E+01
1 86 39 3.71399994E+01 29.91391000 3.61399994E+01
1 86 37 3.45699997E+01 29.91391000 3.35699997E+01
1 85 38 3.65000000E+01 29.91391000 3.55000000E+01
1 87 29 4.18600006E+01 29.91391000 4.08600006E+01
1 87 28 4.14500008E+01 29.91391000 4.04500008E+01
1 86 29 4.17200012E+01 29.91391000 4.07200012E+01
1 86 28 4.12299995E+01 29.91391000 4.02299995E+01
1 86 27 4.09059830E+01 29.91391000 3.99059830E+01
1 85 27 4.04399986E+01 29.91391000 3.94399986E+01
1 85 26 3.87799988E+01 29.91391000 3.77799988E+01
1 85 25 3.93800011E+01 29.91391000 3.83800011E+01
1 84 25 3.65699997E+01 29.91391000 3.55699997E+01
1 84 26 3.81800003E+01 29.91391000 3.71800003E+01
1 83 25 3.64900017E+01 29.91391000 3.54900017E+01
1 82 25 3.55400009E+01 29.91391000 3.45400009E+01
1 82 26 3.51500015E+01 29.91391000 3.41500015E+01
1 81 26 3.36199989E+01 29.91391000 3.26199989E+01
1 80 26 3.25000000E+01 29.91391000 3.15000000E+01
1 80 27 3.34599991E+01 29.91391000 3.24599991E+01
1 79 27 3.30000000E+01 29.91391000 3.20000000E+01
1 79 26 3.24699993E+01 29.91391000 3.14699993E+01
1 78 26 3.11900005E+01 29.91391000 3.01900005E+01
1 77 26 2.93600006E+01 29.91391000 2.83600006E+01
1 86 19 3.91800003E+01 29.91391000 3.81800003E+01
1 85 19 3.94000015E+01 29.91391000 3.84000015E+01
1 85 20 3.92099991E+01 29.91391000 3.82099991E+01
1 84 20 3.58199997E+01 29.91391000 3.48199997E+01
1 83 20 3.65000000E+01 29.91391000 3.55000000E+01
1 83 21 3.76100006E+01 29.91391000 3.66100006E+01
1 82 21 3.47700005E+01 29.91391000 3.37700005E+01
1 81 21 3.56199989E+01 29.91391000 3.46199989E+01
1 81 22 3.53600006E+01 29.91391000 3.43600006E+01
1 80 22 3.17399998E+01 29.91391000 3.07399998E+01
1 79 22 3.31800003E+01 29.91391000 3.21800003E+01
1 79 23 3.12199993E+01 29.91391000 3.02199993E+01
1 79 24 3.28299999E+01 29.91391000 3.18299999E+01
1 78 24 3.16100006E+01 29.91391000 3.06100006E+01
1 78 23 3.17099991E+01 29.91391000 3.07099991E+01
1 77 24 3.09899998E+01 29.91391000 2.99899998E+01
1 77 25 2.95900002E+01 29.91391000 2.85900002E+01
1 84 36 3.05699997E+01 29.91391000 2.95699997E+01
1 83 36 3.01100006E+01 29.91391000 2.91100006E+01
1 82 36 2.92700005E+01 29.91391000 2.82700005E+01
1 81 36 2.91100006E+01 29.91391000 2.81100006E+01
1 80 36 2.84200001E+01 29.91391000 2.74200001E+01
1 79 36 2.80300007E+01 29.91391000 2.70300007E+01
1 78 36 2.78999996E+01 29.91391000 2.68999996E+01
1 75 47 3.67500000E+01 29.91391000 3.57500000E+01
1 75 48 3.57599983E+01 29.91391000 3.47599983E+01
1 75 46 3.68300018E+01 29.91391000 3.58300018E+01
1 76 46 3.48199997E+01 29.91391000 3.38199997E+01
1 76 45 3.45600014E+01 29.91391000 3.35600014E+01
1 77 45 3.61899986E+01 29.91391000 3.51899986E+01
1 77 44 3.46500015E+01 29.91391000 3.36500015E+01
1 76 44 3.65499992E+01 29.91391000 3.55499992E+01
1 77 43 3.26399994E+01 29.91391000 3.16399994E+01
1 77 42 3.20000000E+01 29.91391000 3.10000000E+01
1 77 41 3.17600002E+01 29.91391000 3.07600002E+01
1 78 41 3.26399994E+01 29.91391000 3.16399994E+01
1 78 40 3.13899994E+01 29.91391000 3.03899994E+01
1 78 39 2.93794861E+01 29.91391000 2.83794861E+01
1 78 38 2.96000004E+01 29.91391000 2.86000004E+01
1 78 37 2.83500004E+01 29.91391000 2.73500004E+01
1 77 37 3.05427990E+01 29.91391000 2.95427990E+01
1 77 36 2.85448246E+01 29.91391000 2.75448246E+01
1 78 17 3.20900002E+01 29.91391000 3.10900002E+01
1 77 17 3.13199997E+01 29.91391000 3.03199997E+01
1 76 17 3.04799995E+01 29.91391000 2.94799995E+01
1 76 18 2.93099995E+01 29.91391000 2.83099995E+01
1 77 18 3.21800003E+01 29.91391000 3.11800003E+01
1 75 18 2.87399998E+01 29.91391000 2.77399998E+01
1 75 19 2.90300007E+01 29.91391000 2.80300007E+01
1 74 19 2.77800007E+01 29.91391000 2.67800007E+01
1 74 18 2.89799995E+01 29.91391000 2.79799995E+01
1 74 20 2.94200001E+01 29.91391000 2.84200001E+01
1 73 20 2.76000004E+01 29.91391000 2.66000004E+01
1 73 19 2.76700001E+01 29.91391000 2.66700001E+01
1 72 20 2.70699997E+01 29.91391000 2.60699997E+01
1 72 19 2.70799999E+01 29.91391000 2.60799999E+01
1 71 20 2.69500008E+01 29.91391000 2.59500008E+01
1 76 35 2.68899994E+01 29.91391000 2.58899994E+01
1 76 36 3.05300007E+01 29.91391000 2.95300007E+01
1 77 35 2.76000004E+01 29.91391000 2.66000004E+01
1 76 34 2.85900002E+01 29.91391000 2.75900002E+01
1 75 34 2.72399998E+01 29.91391000 2.62399998E+01
1 75 33 2.73099995E+01 29.91391000 2.63099995E+01
1 74 33 2.66900005E+01 29.91391000 2.56900005E+01
1 74 32 2.54099998E+01 29.91391000 2.44099998E+01
1 73 32 2.66800003E+01 29.91391000 2.56800003E+01
1 73 31 2.51000004E+01 29.91391000 2.41000004E+01
1 72 31 2.47900009E+01 29.91391000 2.37900009E+01
1 71 31 2.37399998E+01 29.91391000 2.27399998E+01
1 70 31 2.45100002E+01 29.91391000 2.35100002E+01
1 69 31 2.37600002E+01 29.91391000 2.27600002E+01
1 68 31 2.30300007E+01 29.91391000 2.20300007E+01
1 68 32 2.37900009E+01 29.91391000 2.27900009E+01
1 76 26 2.87399998E+01 29.91391000 2.77399998E+01
1 75 27 2.74699993E+01 29.91391000 2.64699993E+01
1 75 26 3.00900002E+01 29.91391000 2.90900002E+01
1 76 27 2.99099998E+01 29.91391000 2.89099998E+01
1 75 28 2.73099995E+01 29.91391000 2.63099995E+01
1 74 28 2.81100006E+01 29.91391000 2.71100006E+01
1 74 29 2.61900005E+01 29.91391000 2.51900005E+01
1 74 30 2.63600006E+01 29.91391000 2.53600006E+01
1 73 30 2.49300003E+01 29.91391000 2.39300003E+01
1 71 30 2.49500008E+01 29.91391000 2.39500008E+01
1 70 30 2.42500000E+01 29.91391000 2.32500000E+01
1 69 30 2.38199997E+01 29.91391000 2.28199997E+01
1 68 30 2.31100006E+01 29.91391000 2.21100006E+01
1 68 29 2.29300003E+01 29.91391000 2.19300003E+01
1 67 29 2.36900005E+01 29.91391000 2.26900005E+01
1 67 30 2.30599995E+01 29.91391000 2.20599995E+01
1 72 21 2.70799999E+01 29.91391000 2.60799999E+01
1 71 21 2.71000004E+01 29.91391000 2.61000004E+01
1 73 17 2.82199993E+01 29.91391000 2.72199993E+01
1 72 17 2.88600006E+01 29.91391000 2.78600006E+01
1 72 18 2.78400002E+01 29.91391000 2.68400002E+01
1 71 18 2.84400005E+01 29.91391000 2.74400005E+01
1 71 19 2.71599998E+01 29.91391000 2.61599998E+01
1 70 19 2.78899994E+01 29.91391000 2.68899994E+01
1 70 20 2.66700001E+01 29.91391000 2.56700001E+01
1 70 21 2.58899994E+01 29.91391000 2.48899994E+01
1 71 22 2.64500008E+01 29.91391000 2.54500008E+01
1 70 22 2.51000004E+01 29.91391000 2.41000004E+01
1 70 23 2.56399994E+01 29.91391000 2.46399994E+01
1 71 23 2.52399998E+01 29.91391000 2.42399998E+01
1 70 24 2.44799995E+01 29.91391000 2.34799995E+01
1 71 24 2.54400005E+01 29.91391000 2.44400005E+01
1 70 25 2.39899998E+01 29.91391000 2.29899998E+01
1 70 26 2.33500004E+01 29.91391000 2.23500004E+01
1 69 26 2.39799995E+01 29.91391000 2.29799995E+01
1 68 26 2.33899994E+01 29.91391000 2.23899994E+01
1 84 53 4.70099983E+01 29.91391000 4.60099983E+01
1 83 53 4.57000008E+01 29.91391000 4.47000008E+01
1 82 53 4.54099998E+01 29.91391000 4.44099998E+01
1 81 53 4.34199982E+01 29.91391000 4.24199982E+01
1 80 53 4.34599991E+01 29.91391000 4.24599991E+01
1 80 54 4.22799988E+01 29.91391000 4.12799988E+01
1 79 54 4.11899986E+01 29.91391000 4.01899986E+01
1 79 55 4.17200012E+01 29.91391000 4.07200012E+01
1 78 55 4.11500015E+01 29.91391000 4.01500015E+01
1 78 54 4.05999985E+01 29.91391000 3.95999985E+01
1 77 54 3.99399986E+01 29.91391000 3.89399986E+01
1 77 53 3.96199989E+01 29.91391000 3.86199989E+01
1 78 53 4.04399986E+01 29.91391000 3.94399986E+01
1 77 52 3.92700005E+01 29.91391000 3.82700005E+01
1 76 52 3.86899986E+01 29.91391000 3.76899986E+01
1 76 51 3.93499985E+01 29.91391000 3.83499985E+01
1 75 51 3.80099983E+01 29.91391000 3.70099983E+01
1 75 50 3.78499985E+01 29.91391000 3.68499985E+01
1 75 49 3.67500000E+01 29.91391000 3.57500000E+01
1 73 52 3.81399994E+01 29.91391000 3.71399994E+01
1 74 52 3.84199982E+01 29.91391000 3.74199982E+01
1 74 51 3.84700012E+01 29.91391000 3.74700012E+01
1 74 50 3.75499992E+01 29.91391000 3.65499992E+01
1 74 49 3.65532036E+01 29.91391000 3.55532036E+01
1 74 48 3.69799995E+01 29.91391000 3.59799995E+01
1 75 58 4.22000008E+01 29.91391000 4.12000008E+01
1 74 58 4.14900017E+01 29.91391000 4.04900017E+01
1 74 57 4.07500000E+01 29.91391000 3.97500000E+01
1 74 56 4.07200012E+01 29.91391000 3.97200012E+01
1 73 56 3.99799995E+01 29.91391000 3.89799995E+01
1 73 55 3.98800011E+01 29.91391000 3.88800011E+01
1 73 54 3.97900009E+01 29.91391000 3.87900009E+01
1 73 53 3.85299988E+01 29.91391000 3.75299988E+01
1 69 53 4.78300018E+01 29.91391000 4.68300018E+01
1 70 53 4.45600014E+01 29.91391000 4.35600014E+01
1 71 53 4.20999985E+01 29.91391000 4.10999985E+01
1 72 53 4.03899994E+01 29.91391000 3.93899994E+01
1 72 52 3.97900009E+01 29.91391000 3.87900009E+01
1 68 42 3.93199997E+01 29.91391000 3.83199997E+01
1 68 41 3.84300003E+01 29.91391000 3.74300003E+01
1 68 40 3.49599991E+01 29.91391000 3.39599991E+01
1 68 39 3.32900009E+01 29.91391000 3.22900009E+01
1 69 21 2.59599991E+01 29.91391000 2.49599991E+01
1 69 22 2.52099991E+01 29.91391000 2.42099991E+01
1 68 22 2.54500008E+01 29.91391000 2.44500008E+01
1 68 23 2.45499992E+01 29.91391000 2.35499992E+01
1 67 23 2.46299992E+01 29.91391000 2.36299992E+01
1 67 24 2.42099991E+01 29.91391000 2.32099991E+01
1 67 25 2.43099995E+01 29.91391000 2.33099995E+01
1 68 25 2.36299992E+01 29.91391000 2.26299992E+01
1 68 27 2.33899994E+01 29.91391000 2.23899994E+01
1 68 28 2.37800007E+01 29.91391000 2.27800007E+01
1 67 32 2.27800007E+01 29.91391000 2.17800007E+01
1 67 33 2.31800003E+01 29.91391000 2.21800003E+01
1 68 38 3.17700005E+01 29.91391000 3.07700005E+01
1 68 37 2.92399998E+01 29.91391000 2.82399998E+01
1 68 36 2.75100002E+01 29.91391000 2.65100002E+01
1 67 36 2.76399994E+01 29.91391000 2.66399994E+01
1 67 37 3.01200008E+01 29.91391000 2.91200008E+01
1 68 35 2.64200001E+01 29.91391000 2.54200001E+01
1 67 35 2.61399994E+01 29.91391000 2.51399994E+01
1 67 34 2.43500004E+01 29.91391000 2.33500004E+01
1 66 34 2.36200008E+01 29.91391000 2.26200008E+01
1 67 31 2.23999996E+01 29.91391000 2.13999996E+01
1 66 30 2.41000004E+01 29.91391000 2.31000004E+01
1 66 31 2.27800007E+01 29.91391000 2.17800007E+01
1 66 33 2.28999996E+01 29.91391000 2.18999996E+01
1 65 31 2.28999996E+01 29.91391000 2.18999996E+01
1 65 32 2.24099998E+01 29.91391000 2.14099998E+01
1 64 32 2.30900002E+01 29.91391000 2.20900002E+01
1 64 33 2.22099991E+01 29.91391000 2.12099991E+01
1 65 33 2.29599991E+01 29.91391000 2.19599991E+01
1 65 34 2.42000008E+01 29.91391000 2.32000008E+01
1 64 34 2.17600002E+01 29.91391000 2.07600002E+01
1 63 34 2.16000004E+01 29.91391000 2.06000004E+01
1 62 34 2.16399994E+01 29.91391000 2.06399994E+01
1 62 35 2.12900009E+01 29.91391000 2.02900009E+01
1 63 35 2.47199993E+01 29.91391000 2.37199993E+01
1 61 35 2.10200005E+01 29.91391000 2.00200005E+01
1 59 35 2.05400009E+01 29.91391000 1.95400009E+01
1 59 36 2.31399994E+01 29.91391000 2.21399994E+01
1 60 35 2.09400005E+01 29.91391000 1.99400005E+01
1 60 36 2.47600002E+01 29.91391000 2.37600002E+01
1 61 36 2.48199997E+01 29.91391000 2.38199997E+01
1 58 36 2.19899998E+01 29.91391000 2.09899998E+01
1 62 33 2.31399994E+01 29.91391000 2.21399994E+01
1 61 33 2.32500000E+01 29.91391000 2.22500000E+01
1 61 34 2.11900005E+01 29.91391000 2.01900005E+01
1 60 34 2.28099995E+01 29.91391000 2.18099995E+01
1 59 34 2.15799999E+01 29.91391000 2.05799999E+01
1 58 35 2.21700001E+01 29.91391000 2.11700001E+01
1 58 34 2.30200005E+01 29.91391000 2.20200005E+01
1 61 47 4.83100014E+01 29.91391000 4.73100014E+01
1 61 46 4.67200012E+01 29.91391000 4.57200012E+01
1 61 45 4.64099998E+01 29.91391000 4.54099998E+01
1 61 44 4.45600014E+01 29.91391000 4.35600014E+01
1 61 43 4.03300018E+01 29.91391000 3.93300018E+01
1 60 43 4.32400017E+01 29.91391000 4.22400017E+01
1 60 42 3.81699982E+01 29.91391000 3.71699982E+01
1 59 42 3.48199997E+01 29.91391000 3.38199997E+01
1 59 41 3.12099991E+01 29.91391000 3.02099991E+01
1 58 41 3.02099991E+01 29.91391000 2.92099991E+01
1 58 40 2.84799995E+01 29.91391000 2.74799995E+01
1 57 40 2.98099995E+01 29.91391000 2.88099995E+01
1 57 39 2.26200008E+01 29.91391000 2.16200008E+01
1 57 38 2.20499992E+01 29.91391000 2.10499992E+01
1 56 38 2.45599995E+01 29.91391000 2.35599995E+01
1 56 37 2.13799992E+01 29.91391000 2.03799992E+01
1 57 37 2.06499996E+01 29.91391000 1.96499996E+01
1 58 37 2.21700001E+01 29.91391000 2.11700001E+01
1 55 38 2.04599991E+01 29.91391000 1.94599991E+01
1 55 37 2.29300003E+01 29.91391000 2.19300003E+01
1 54 37 2.11299992E+01 29.91391000 2.01299992E+01
1 53 37 2.15000000E+01 29.91391000 2.05000000E+01
1 53 38 2.12600002E+01 29.91391000 2.02600002E+01
1 52 38 1.94899998E+01 29.91391000 1.84899998E+01
1 51 38 2.03799992E+01 29.91391000 1.93799992E+01
1 50 38 2.08500004E+01 29.91391000 1.98500004E+01
1 50 39 2.10400009E+01 29.91391000 2.00400009E+01
1 49 39 1.90300007E+01 29.91391000 1.80300007E+01
1 50 44 3.91100006E+01 29.91391000 3.81100006E+01
1 51 44 4.00400009E+01 29.91391000 3.90400009E+01
1 51 42 3.56800003E+01 29.91391000 3.46800003E+01
1 51 43 3.91500015E+01 29.91391000 3.81500015E+01
1 50 42 3.27700005E+01 29.91391000 3.17700005E+01
1 50 43 3.89599991E+01 29.91391000 3.79599991E+01
1 50 41 3.16900005E+01 29.91391000 3.06900005E+01
1 49 41 2.82999992E+01 29.91391000 2.72999992E+01
1 49 40 1.95000000E+01 29.91391000 1.85000000E+01
1 57 19 2.38700008E+01 29.91391000 2.28700008E+01
1 57 20 2.28799992E+01 29.91391000 2.18799992E+01
1 57 21 2.41800003E+01 29.91391000 2.31800003E+01
1 56 21 2.28999996E+01 29.91391000 2.18999996E+01
1 56 22 2.49899998E+01 29.91391000 2.39899998E+01
1 55 22 2.21200008E+01 29.91391000 2.11200008E+01
1 54 22 2.37999992E+01 29.91391000 2.27999992E+01
1 54 23 2.22099991E+01 29.91391000 2.12099991E+01
1 55 23 2.62399998E+01 29.91391000 2.52399998E+01
1 53 23 2.27399998E+01 29.91391000 2.17399998E+01
1 53 24 2.32199993E+01 29.91391000 2.22199993E+01
1 52 24 2.20400009E+01 29.91391000 2.10400009E+01
1 52 25 2.27199993E+01 29.91391000 2.17199993E+01
1 51 25 2.10400009E+01 29.91391000 2.00400009E+01
1 51 26 2.22399998E+01 29.91391000 2.12399998E+01
1 50 26 2.14300003E+01 29.91391000 2.04300003E+01
1 50 27 2.20400009E+01 29.91391000 2.10400009E+01
1 49 27 2.08899994E+01 29.91391000 1.98899994E+01
1 49 28 2.18799992E+01 29.91391000 2.08799992E+01
1 48 28 1.96900005E+01 29.91391000 1.86900005E+01
1 48 29 1.95300007E+01 29.91391000 1.85300007E+01
1 47 29 1.87000008E+01 29.91391000 1.77000008E+01
1 47 30 1.86499996E+01 29.91391000 1.76499996E+01
1 46 30 1.82399998E+01 29.91391000 1.72399998E+01
1 46 31 1.83299999E+01 29.91391000 1.73299999E+01
1 45 31 1.80599995E+01 29.91391000 1.70599995E+01
1 45 32 1.72999992E+01 29.91391000 1.62999992E+01
1 44 32 1.75499992E+01 29.91391000 1.65499992E+01
1 44 33 1.72600002E+01 29.91391000 1.62600002E+01
1 43 33 1.64700003E+01 29.91391000 1.54700003E+01
1 43 34 1.69099998E+01 29.91391000 1.59099998E+01
1 42 34 1.74099998E+01 29.91391000 1.64099998E+01
1 42 35 1.63299999E+01 29.91391000 1.53299999E+01
1 41 35 1.59399996E+01 29.91391000 1.49399996E+01
1 41 36 1.57600002E+01 29.91391000 1.47600002E+01
1 48 39 1.90599995E+01 29.91391000 1.80599995E+01
1 47 39 1.92800007E+01 29.91391000 1.82800007E+01
1 47 40 2.18099995E+01 29.91391000 2.08099995E+01
1 46 40 2.02399998E+01 29.91391000 1.92399998E+01
1 46 39 1.74400005E+01 29.91391000 1.64400005E+01
1 45 39 1.97399998E+01 29.91391000 1.87399998E+01
1 45 38 1.79699993E+01 29.91391000 1.69699993E+01
1 44 38 1.59099998E+01 29.91391000 1.49099998E+01
1 43 38 1.66899996E+01 29.91391000 1.56899996E+01
1 43 37 1.77500000E+01 29.91391000 1.67500000E+01
1 42 38 1.66300001E+01 29.91391000 1.56300001E+01
1 42 37 1.64399996E+01 29.91391000 1.54399996E+01
1 41 37 1.56400003E+01 29.91391000 1.46400003E+01
1 40 36 1.58800001E+01 29.91391000 1.48800001E+01
1 40 37 1.56000004E+01 29.91391000 1.46000004E+01
1 39 37 1.55600004E+01 29.91391000 1.45600004E+01
1 39 38 1.53500004E+01 29.91391000 1.43500004E+01
1 38 38 1.54099998E+01 29.91391000 1.44099998E+01
1 38 39 1.51700001E+01 29.91391000 1.41700001E+01
1 38 40 1.49700003E+01 29.91391000 1.39700003E+01
1 37 40 1.48800001E+01 29.91391000 1.38800001E+01
1 37 41 1.46800003E+01 29.91391000 1.36800003E+01
1 36 41 1.44799995E+01 29.91391000 1.34799995E+01
1 40 44 2.00000000E+01 29.91391000 1.90000000E+01
1 39 44 1.64899998E+01 29.91391000 1.54899998E+01
1 39 43 1.73299999E+01 29.91391000 1.63299999E+01
1 39 42 1.70900002E+01 29.91391000 1.60900002E+01
1 38 42 1.49600000E+01 29.91391000 1.39600000E+01
1 37 42 1.43500004E+01 29.91391000 1.33500004E+01
1 45 56 3.87599983E+01 29.91391000 3.77599983E+01
1 44 56 3.70900002E+01 29.91391000 3.60900002E+01
1 44 55 3.73400002E+01 29.91391000 3.63400002E+01
1 43 56 3.61599998E+01 29.91391000 3.51599998E+01
1 43 55 3.54199982E+01 29.91391000 3.44199982E+01
1 42 55 3.34900017E+01 29.91391000 3.24900017E+01
1 41 55 3.17800007E+01 29.91391000 3.07800007E+01
1 41 56 2.97099991E+01 29.91391000 2.87099991E+01
1 40 56 3.05699997E+01 29.91391000 2.95699997E+01
1 39 56 3.00900002E+01 29.91391000 2.90900002E+01
1 39 55 2.63799992E+01 29.91391000 2.53799992E+01
1 38 55 2.56900005E+01 29.91391000 2.46900005E+01
1 38 54 2.41800003E+01 29.91391000 2.31800003E+01
1 37 55 2.33999996E+01 29.91391000 2.23999996E+01
1 37 54 2.17000008E+01 29.91391000 2.07000008E+01
1 36 54 2.03500004E+01 29.91391000 1.93500004E+01
1 36 53 1.97399998E+01 29.91391000 1.87399998E+01
1 35 53 2.00000000E+01 29.91391000 1.90000000E+01
1 35 52 1.78600006E+01 29.91391000 1.68600006E+01
1 35 51 1.78400002E+01 29.91391000 1.68400002E+01
1 34 51 1.61800003E+01 29.91391000 1.51800003E+01
1 33 51 1.51899996E+01 29.91391000 1.41899996E+01
1 32 51 1.39399996E+01 29.91391000 1.29399996E+01
1 31 51 1.32399998E+01 29.91391000 1.22399998E+01
1 31 50 1.29200001E+01 29.91391000 1.19200001E+01
1 36 42 1.44300003E+01 29.91391000 1.34300003E+01
1 35 42 1.42700005E+01 29.91391000 1.32700005E+01
1 35 43 1.39799995E+01 29.91391000 1.29799995E+01
1 36 43 1.39600000E+01 29.91391000 1.29600000E+01
1 35 44 1.40799999E+01 29.91391000 1.30799999E+01
1 35 45 1.23999996E+01 29.91391000 1.13999996E+01
1 35 46 1.37900000E+01 29.91391000 1.27900000E+01
1 35 47 1.38599997E+01 29.91391000 1.28599997E+01
1 34 47 1.31199999E+01 29.91391000 1.21199999E+01
1 34 48 1.40600004E+01 29.91391000 1.30600004E+01
1 33 48 1.28999996E+01 29.91391000 1.18999996E+01
1 33 49 1.42100000E+01 29.91391000 1.32100000E+01
1 32 49 1.29799995E+01 29.91391000 1.19799995E+01
1 32 50 1.40000000E+01 29.91391000 1.30000000E+01
1 30 50 1.23400002E+01 29.91391000 1.13400002E+01
1 30 51 1.32700005E+01 29.91391000 1.22700005E+01
1 29 51 1.33800001E+01 29.91391000 1.23800001E+01
1 29 52 1.20400000E+01 29.91391000 1.10400000E+01
1 28 52 1.22399998E+01 29.91391000 1.12399998E+01
1 28 53 1.17900000E+01 29.91391000 1.07900000E+01
1 27 53 1.14399996E+01 29.91391000 1.04399996E+01
1 27 54 1.13199997E+01 29.91391000 1.03199997E+01
1 28 54 1.21700001E+01 29.91391000 1.11700001E+01
1 27 55 1.16099997E+01 29.91391000 1.06099997E+01
1 26 54 1.13000002E+01 29.91391000 1.03000002E+01
1 25 54 1.01800003E+01 29.91391000 9.18000031E+00
1 24 54 8.65999985E+00 29.91391000 7.65999985E+00
1 23 54 1.09099998E+01 29.91391000 9.90999985E+00
1 23 55 1.06000004E+01 29.91391000 9.60000038E+00
1 28 50 1.38599997E+01 29.91391000 1.28599997E+01
1 28 51 1.20400000E+01 29.91391000 1.10400000E+01
1 27 51 1.18100004E+01 29.91391000 1.08100004E+01
1 27 52 1.28100004E+01 29.91391000 1.18100004E+01
1 26 52 1.07600002E+01 29.91391000 9.76000023E+00
1 25 52 1.10180588E+01 29.91391000 1.00180588E+01
1 25 53 1.12900000E+01 29.91391000 1.02900000E+01
1 24 53 1.05500002E+01 29.91391000 9.55000019E+00
1 24 52 1.23100004E+01 29.91391000 1.13100004E+01
1 23 53 1.03900003E+01 29.91391000 9.39000034E+00
1 22 53 1.12700005E+01 29.91391000 1.02700005E+01
1 22 54 9.80000019E+00 29.91391000 8.80000019E+00
1 21 54 1.51800003E+01 29.91391000 1.41800003E+01
1 20 54 9.72999954E+00 29.91391000 8.72999954E+00
1 20 55 1.07100000E+01 29.91391000 9.71000004E+00
1 19 55 9.97999954E+00 29.91391000 8.97999954E+00
1 19 54 1.09499998E+01 29.91391000 9.94999981E+00
1 18 55 9.85000038E+00 29.91391000 8.85000038E+00
1 18 54 1.07200003E+01 29.91391000 9.72000027E+00
1 18 48 1.75799999E+01 29.91391000 1.65799999E+01
1 18 49 2.30000000E+01 29.91391000 2.20000000E+01
1 17 55 8.10268831E+00 29.91391000 7.10268831E+00
1 17 54 8.59999990E+00 29.91391000 7.59999990E+00
1 16 54 9.03999996E+00 29.91391000 8.03999996E+00
1 17 49 1.60299997E+01 29.91391000 1.50299997E+01
1 17 50 1.47299995E+01 29.91391000 1.37299995E+01
1 17 51 1.31199999E+01 29.91391000 1.21199999E+01
1 16 51 1.27100000E+01 29.91391000 1.17100000E+01
1 16 52 1.11899996E+01 29.91391000 1.01899996E+01
1 16 53 9.85000038E+00 29.91391000 8.85000038E+00
1 17 53 1.27299995E+01 29.91391000 1.17299995E+01
1 16 55 1.41999998E+01 29.91391000 1.31999998E+01
1 15 54 2.11599998E+01 29.91391000 2.01599998E+01
1 15 55 9.89999962E+00 29.91391000 8.89999962E+00
1 14 55 1.04899998E+01 29.91391000 9.48999977E+00
1 14 54 1.09300003E+01 29.91391000 9.93000031E+00
1 13 54 7.72151852E+00 29.91391000 6.72151852E+00
1 12 54 7.74755096E+00 29.91391000 6.74755096E+00
1 11 54 7.98999977E+00 29.91391000 6.98999977E+00
1 10 54 7.13999987E+00 29.91391000 6.13999987E+00
1 8 52 1.18100004E+01 29.91391000 1.08100004E+01
1 9 52 1.08500004E+01 29.91391000 9.85000038E+00
1 9 53 9.81000042E+00 29.91391000 8.81000042E+00
1 8 53 1.05699997E+01 29.91391000 9.56999969E+00
1 10 53 9.97000027E+00 29.91391000 8.97000027E+00
1 9 54 1.44600000E+01 29.91391000 1.34600000E+01
1 9 51 1.23199997E+01 29.91391000 1.13199997E+01
1 8 51 1.20100002E+01 29.91391000 1.10100002E+01
1 10 55 1.55100002E+01 29.91391000 1.45100002E+01
1 9 55 9.46000004E+00 29.91391000 8.46000004E+00
1 8 55 9.19999981E+00 29.91391000 8.19999981E+00
1 8 56 8.84999990E+00 29.91391000 7.84999990E+00
1 7 56 8.46000004E+00 29.91391000 7.46000004E+00
1 7 57 7.57000017E+00 29.91391000 6.57000017E+00
1 92 4 4.60000000E+01 29.91391000 4.50000000E+01
1 91 3 4.65299988E+01 29.91391000 4.55299988E+01
1 91 4 4.57500000E+01 29.91391000 4.47500000E+01
1 90 4 4.61899986E+01 29.91391000 4.51899986E+01
1 90 5 4.48400002E+01 29.91391000 4.38400002E+01
1 89 5 4.57999992E+01 29.91391000 4.47999992E+01
1 89 6 4.43499985E+01 29.91391000 4.33499985E+01
1 89 7 4.53199997E+01 29.91391000 4.43199997E+01
1 88 7 4.48499985E+01 29.91391000 4.38499985E+01
1 88 8 4.31500015E+01 29.91391000 4.21500015E+01
1 88 10 4.30800018E+01 29.91391000 4.20800018E+01
1 88 9 4.35800018E+01 29.91391000 4.25800018E+01
1 87 8 4.49500008E+01 29.91391000 4.39500008E+01
1 87 7 4.63199997E+01 29.91391000 4.53199997E+01
1 87 9 4.31199989E+01 29.91391000 4.21199989E+01
1 87 10 4.18699989E+01 29.91391000 4.08699989E+01
1 86 10 4.18499985E+01 29.91391000 4.08499985E+01
1 86 9 4.44099998E+01 29.91391000 4.34099998E+01
1 86 8 4.60000000E+01 29.91391000 4.50000000E+01
1 86 7 4.70600014E+01 29.91391000 4.60600014E+01
1 86 11 3.95400009E+01 29.91391000 3.85400009E+01
1 87 11 4.12999992E+01 29.91391000 4.02999992E+01
1 88 11 4.27999992E+01 29.91391000 4.17999992E+01
1 86 12 4.04000015E+01 29.91391000 3.94000015E+01
1 85 12 3.66199989E+01 29.91391000 3.56199989E+01
1 84 12 3.75299988E+01 29.91391000 3.65299988E+01
1 84 13 3.81399994E+01 29.91391000 3.71399994E+01
1 83 13 3.57999992E+01 29.91391000 3.47999992E+01
1 82 13 3.54399986E+01 29.91391000 3.44399986E+01
1 81 13 3.47700005E+01 29.91391000 3.37700005E+01
1 81 14 3.53199997E+01 29.91391000 3.43199997E+01
1 80 14 3.34300003E+01 29.91391000 3.24300003E+01
1 79 14 3.25599995E+01 29.91391000 3.15599995E+01
1 79 15 3.27999992E+01 29.91391000 3.17999992E+01
1 78 15 3.15599995E+01 29.91391000 3.05599995E+01
1 77 15 3.16399994E+01 29.91391000 3.06399994E+01
1 77 16 3.06700001E+01 29.91391000 2.96700001E+01
1 76 16 2.96100006E+01 29.91391000 2.86100006E+01
1 75 16 2.94300003E+01 29.91391000 2.84300003E+01
1 74 16 2.83700008E+01 29.91391000 2.73700008E+01
1 74 17 2.89799995E+01 29.91391000 2.79799995E+01
1 81 10 3.70299988E+01 29.91391000 3.60299988E+01
1 81 11 3.62099991E+01 29.91391000 3.52099991E+01
1 80 11 3.49099998E+01 29.91391000 3.39099998E+01
1 80 10 3.48800011E+01 29.91391000 3.38800011E+01
1 79 11 3.38699989E+01 29.91391000 3.28699989E+01
1 79 12 3.24099998E+01 29.91391000 3.14099998E+01
1 79 13 3.25499992E+01 29.91391000 3.15499992E+01
1 78 12 3.13799992E+01 29.91391000 3.03799992E+01
1 78 13 3.16900005E+01 29.91391000 3.06900005E+01
1 77 13 3.05699997E+01 29.91391000 2.95699997E+01
1 76 13 3.01900005E+01 29.91391000 2.91900005E+01
1 75 13 3.04699993E+01 29.91391000 2.94699993E+01
1 75 14 3.01700001E+01 29.91391000 2.91700001E+01
1 74 14 3.00000000E+01 29.91391000 2.90000000E+01
1 74 15 2.92399998E+01 29.91391000 2.82399998E+01
1 73 16 2.89200001E+01 29.91391000 2.79200001E+01
1 62 10 2.82299995E+01 29.91391000 2.72299995E+01
1 62 11 2.68400002E+01 29.91391000 2.58400002E+01
1 63 11 2.59599991E+01 29.91391000 2.49599991E+01
1 63 12 2.62800007E+01 29.91391000 2.52800007E+01
1 62 12 2.56800003E+01 29.91391000 2.46800003E+01
1 62 13 2.54400005E+01 29.91391000 2.44400005E+01
1 61 13 2.52299995E+01 29.91391000 2.42299995E+01
1 61 14 2.47900009E+01 29.91391000 2.37900009E+01
1 61 15 2.44400005E+01 29.91391000 2.34400005E+01
1 61 16 2.45599995E+01 29.91391000 2.35599995E+01
1 61 17 2.43799992E+01 29.91391000 2.33799992E+01
1 60 17 2.29599991E+01 29.91391000 2.19599991E+01
1 60 18 2.37900009E+01 29.91391000 2.27900009E+01
1 59 17 2.37800007E+01 29.91391000 2.27800007E+01
1 59 18 2.29099998E+01 29.91391000 2.19099998E+01
1 58 18 2.35300007E+01 29.91391000 2.25300007E+01
1 58 19 2.39599991E+01 29.91391000 2.29599991E+01
