  single point
            k1    1.0000000000000000E-03     1.000000         0.000000    
            k2    2.8920359000000000E-02     1.000000         0.000000    
            k3     14.41043954000000         1.000000         0.000000    
            k4     41.95347164100000         1.000000         0.000000    
            k5    1.4530935740000001E-02     1.000000         0.000000    
            k6    1.0000000000000000E-03     1.000000         0.000000    
            k7    3.4619312000000002E-03     1.000000         0.000000    
            k8     22.49511486700000         1.000000         0.000000    
            k9     5.139316044300000         1.000000         0.000000    
           k10    2.2962462699999998E-03     1.000000         0.000000    
           k11    1.0000000000000000E-03     1.000000         0.000000    
           k12    0.1863477568900000         1.000000         0.000000    
           k13     116.0034111200000         1.000000         0.000000    
           k14     6.562790151000000         1.000000         0.000000    
           k15    1.5991102699999999E-03     1.000000         0.000000    
           k16    5.7483730400000000E-03     1.000000         0.000000    
             c     29.91391318000000         1.000000         0.000000    
            c2     51.72008407400000         1.000000         0.000000    
