  single point
            k3     89292.53704900001         1.000000         0.000000    
            k1    0.4727243012600000         1.000000         0.000000    
            k2    9.4171923999999998E-05     1.000000         0.000000    
            k6     1.187669398200000         1.000000         0.000000    
            k4    2.6422876999999999E-06     1.000000         0.000000    
            k5    6.8742040000000003E-04     1.000000         0.000000    
            k7     6.212128950600000         1.000000         0.000000    
            k9     2.786073854300000         1.000000         0.000000    
            k8    9.0197722999999995E-06     1.000000         0.000000    
           k10     22.66877833000000         1.000000         0.000000    
           k11     3.791619967200000         1.000000         0.000000    
           k13     2.096866487400000         1.000000         0.000000    
           k12    0.2215343853900000         1.000000         0.000000    
           k14    5.8191878000000003E-07     1.000000         0.000000    
             c     121.1179992000000         1.000000         0.000000    
