  single point
            k1    1.0000000000000000E-03     1.000000         0.000000    
            k2    1.0000000000000000E-03     1.000000         0.000000    
            k3     17.90139000000000         1.000000         0.000000    
            k4     4.757773000000000         1.000000         0.000000    
            k5     7.157103000000000         1.000000         0.000000    
            k6     3.522681000000000         1.000000         0.000000    
            k7    1.0000000000000000E-03     1.000000         0.000000    
            k8     11.87997000000000         1.000000         0.000000    
            k9     9.560904000000001         1.000000         0.000000    
           k10     6.673768000000000         1.000000         0.000000    
           k11    7.9778811000000005E-02     1.000000         0.000000    
           k12    1.0000000000000000E-03     1.000000         0.000000    
           k13     2.950491000000000         1.000000         0.000000    
           k14     1.951259000000000         1.000000         0.000000    
           k15    1.0000000000000000E-03     1.000000         0.000000    
           k16    1.0000000000000000E-03     1.000000         0.000000    
             c     27.55582000000000         1.000000         0.000000    
            c2     62.12192000000000         1.000000         0.000000    
