  single point
            k1    1.0000000000000000E-03     1.000000         0.000000    
            k2    1.0000000000000000E-03     1.000000         0.000000    
            k3     17.83345000000000         1.000000         0.000000    
            k4     4.756946000000000         1.000000         0.000000    
            k5     7.156774000000000         1.000000         0.000000    
            k6     3.520326000000000         1.000000         0.000000    
            k7    1.0000002000000001E-03     1.000000         0.000000    
            k8     11.87731000000000         1.000000         0.000000    
            k9     9.554183999999999         1.000000         0.000000    
           k10     6.656236000000000         1.000000         0.000000    
           k11    9.3563537000000002E-02     1.000000         0.000000    
           k12    1.0000000000000000E-03     1.000000         0.000000    
           k13     2.926829000000000         1.000000         0.000000    
           k14     1.907585000000000         1.000000         0.000000    
           k15    1.0000123000000001E-03     1.000000         0.000000    
           k16    1.0000000000000000E-03     1.000000         0.000000    
             c     27.58545000000000         1.000000         0.000000    
            c2     62.10004000000000         1.000000         0.000000    
             r    7.0438830000000001E-04     1.000000         0.000000    
