  single point
            k1    1.0000000000000000E-03     1.000000         0.000000    
            k2    1.0000000000000000E-03     1.000000         0.000000    
            k3     19.44810000000000         1.000000         0.000000    
            k4     5.585918000000000         1.000000         0.000000    
            k5     7.229503000000000         1.000000         0.000000    
            k6     18.12705000000000         1.000000         0.000000    
            k7    1.0000000000000000E-03     1.000000         0.000000    
            k8     9.366491000000000         1.000000         0.000000    
            k9    0.5746342000000000         1.000000         0.000000    
           k10     2.582155000000000         1.000000         0.000000    
           k11    1.0000000000000000E-03     1.000000         0.000000    
           k12    1.0000000000000000E-03     1.000000         0.000000    
           k13    1.0000000000000000E-03     1.000000         0.000000    
           k14    1.6034961000000000E-02     1.000000         0.000000    
           k15    1.0000000000000000E-03     1.000000         0.000000    
           k16    1.0000000000000000E-03     1.000000         0.000000    
             c     39.81790000000000         1.000000         0.000000    
            c2     46.82840000000000         1.000000         0.000000    
