  single point
            k1    1.0000000000000000E-03     1.000000         0.000000    
            k2    0.1500737073000000         1.000000         0.000000    
            k3     11.61658929000000         1.000000         0.000000    
            k4     14.08254518900000         1.000000         0.000000    
            k5    6.7169682820000007E-02     1.000000         0.000000    
            k6     2.843540777800000         1.000000         0.000000    
            k7    1.6000000000000000E-02     1.000000         0.000000    
            k8     30.54728585500000         1.000000         0.000000    
            k9     62.06108363600000         1.000000         0.000000    
           k10     43.00309588300000         1.000000         0.000000    
           k11    1.0000000000000000E-03     1.000000         0.000000    
           k12    1.4809456600000000E-02     1.000000         0.000000    
           k13     41.05775925700000         1.000000         0.000000    
           k14    4.3479714359999998E-02     1.000000         0.000000    
           k15    1.9018653100000000E-03     1.000000         0.000000    
           k16    1.0000000000000000E-03     1.000000         0.000000    
             c     27.89596650000000         1.000000         0.000000    
            c2     52.97592754800000         1.000000         0.000000    
