  single point
            k1    1.0000000000000000E-03     1.000000         0.000000    
            k2    0.1500737000000000         1.000000         0.000000    
            k3     11.61659000000000         1.000000         0.000000    
            k4     14.08255000000000         1.000000         0.000000    
            k5    6.7169682999999994E-02     1.000000         0.000000    
            k6     2.843541000000000         1.000000         0.000000    
            k7    1.6000000000000000E-02     1.000000         0.000000    
            k8     30.54729000000000         1.000000         0.000000    
            k9     62.06108000000000         1.000000         0.000000    
           k10     43.00310000000000         1.000000         0.000000    
           k11    1.0000000000000000E-03     1.000000         0.000000    
           k12    1.4809457000000000E-02     1.000000         0.000000    
           k13     41.05776000000000         1.000000         0.000000    
           k14    4.3479714000000003E-02     1.000000         0.000000    
           k15    1.9018653000000001E-03     1.000000         0.000000    
           k16    1.0000000000000000E-03     1.000000         0.000000    
             c     27.89597000000000         1.000000         0.000000    
            c2     52.97593000000000         1.000000         0.000000    
