  single point
            k1    0.3149842000000000         1.000000         0.000000    
            k2     1.086619000000000         1.000000         0.000000    
            k3     102.8290000000000         1.000000         0.000000    
            k4     8.519532999999999         1.000000         0.000000    
            k5     86.72942000000000         1.000000         0.000000    
            k6     2.001037000000000         1.000000         0.000000    
            k7    0.1760000000000000         1.000000         0.000000    
            k8     10.30153000000000         1.000000         0.000000    
            k9     82.66779000000000         1.000000         0.000000    
           k10    1.0000000000000000E-03     1.000000         0.000000    
           k11     20.70030000000000         1.000000         0.000000    
           k12    1.0000000000000000E-03     1.000000         0.000000    
           k13     80.51728000000000         1.000000         0.000000    
           k14    2.2167449999999998E-02     1.000000         0.000000    
           k15    2.0671598999999999E-02     1.000000         0.000000    
           k16    1.0000000000000000E-03     1.000000         0.000000    
             c     170.6895000000000         1.000000         0.000000    
