  single point
            k1    1.0000000000000000E-03     1.000000         0.000000    
            k2    1.0000000000000000E-03     1.000000         0.000000    
            k3     17.83344890700000         1.000000         0.000000    
            k4     4.756945695200000         1.000000         0.000000    
            k5     7.156774486500000         1.000000         0.000000    
            k6     3.520325945700000         1.000000         0.000000    
            k7    1.0000002000000001E-03     1.000000         0.000000    
            k8     11.87730994000000         1.000000         0.000000    
            k9     9.554184403100001         1.000000         0.000000    
           k10     6.656235550200000         1.000000         0.000000    
           k11    9.3563537439999997E-02     1.000000         0.000000    
           k12    1.0000000000000000E-03     1.000000         0.000000    
           k13     2.926828519000000         1.000000         0.000000    
           k14     1.907584597600000         1.000000         0.000000    
           k15    1.0000123600000001E-03     1.000000         0.000000    
           k16    1.0000000000000000E-03     1.000000         0.000000    
             c     27.58545187000000         1.000000         0.000000    
            c2     62.10003827700000         1.000000         0.000000    
             r    7.0438830000000001E-04     1.000000         0.000000    
