  single point
            k1    1.0000000000000000E-03     1.000000         0.000000    
            k2    2.8920359000000000E-02     1.000000         0.000000    
            k3     14.41044000000000         1.000000         0.000000    
            k4     41.95347000000000         1.000000         0.000000    
            k5    1.4530936000000000E-02     1.000000         0.000000    
            k6    1.0000000000000000E-03     1.000000         0.000000    
            k7    3.4619312000000002E-03     1.000000         0.000000    
            k8     22.49511000000000         1.000000         0.000000    
            k9     5.139316000000000         1.000000         0.000000    
           k10    2.2962463000000002E-03     1.000000         0.000000    
           k11    1.0000000000000000E-03     1.000000         0.000000    
           k12    0.1863478000000000         1.000000         0.000000    
           k13     116.0034000000000         1.000000         0.000000    
           k14     6.562790000000000         1.000000         0.000000    
           k15    1.5991103000000000E-03     1.000000         0.000000    
           k16    5.7483730000000002E-03     1.000000         0.000000    
             c     29.91391000000000         1.000000         0.000000    
            c2     51.72008000000000         1.000000         0.000000    
