  single point
            k1    1.0000000000000000E-03     1.000000         0.000000    
            k2    1.0000000000000000E-03     1.000000         0.000000    
            k3    0.3435693928500000         1.000000         0.000000    
            k4     5.026711436200000         1.000000         0.000000    
            k5     19.35666629200000         1.000000         0.000000    
            k6    0.5334956846000000         1.000000         0.000000    
            k7    1.0000000000000000E-03     1.000000         0.000000    
            k8     6.349571122900000         1.000000         0.000000    
            k9     2.262273204400000         1.000000         0.000000    
           k10    8.0000785249999998E-02     1.000000         0.000000    
           k11    1.0000000000000000E-03     1.000000         0.000000    
           k12     2.280771082200000         1.000000         0.000000    
           k13    1.0999999999999999E-02     1.000000         0.000000    
           k14    1.0013848599999999E-03     1.000000         0.000000    
           k15    1.0000000000000000E-03     1.000000         0.000000    
           k16    1.0000000000000000E-03     1.000000         0.000000    
             c     46.32616704000000         1.000000         0.000000    
            c2     29.18091290300000         1.000000         0.000000    
