  single point
            k1    1.0000000000000000E-03     1.000000         0.000000    
            k2    1.0000000000000000E-03     1.000000         0.000000    
            k3    0.3435694000000000         1.000000         0.000000    
            k4     5.026711000000000         1.000000         0.000000    
            k5     19.35667000000000         1.000000         0.000000    
            k6    0.5334957000000000         1.000000         0.000000    
            k7    1.0000000000000000E-03     1.000000         0.000000    
            k8     6.349571000000000         1.000000         0.000000    
            k9     2.262273000000000         1.000000         0.000000    
           k10    8.0000785000000005E-02     1.000000         0.000000    
           k11    1.0000000000000000E-03     1.000000         0.000000    
           k12     2.280771000000000         1.000000         0.000000    
           k13    1.0999999999999999E-02     1.000000         0.000000    
           k14    1.0013849000000000E-03     1.000000         0.000000    
           k15    1.0000000000000000E-03     1.000000         0.000000    
           k16    1.0000000000000000E-03     1.000000         0.000000    
             c     46.32617000000000         1.000000         0.000000    
            c2     29.18091000000000         1.000000         0.000000    
