  single point
            k1    1.0000000000000000E-03     1.000000         0.000000    
            k2    0.1357979070900000         1.000000         0.000000    
            k3     15.17073324200000         1.000000         0.000000    
            k4     4.641046806000000         1.000000         0.000000    
            k5     7.281827042800000         1.000000         0.000000    
            k6     4.254555919400000         1.000000         0.000000    
            k7    4.4164169699999999E-03     1.000000         0.000000    
            k8     11.87028384700000         1.000000         0.000000    
            k9     9.531955289000001         1.000000         0.000000    
           k10     5.935629921200000         1.000000         0.000000    
           k11    1.0000000000000000E-03     1.000000         0.000000    
           k12     7.155864417200000         1.000000         0.000000    
           k13     2.913054210100000         1.000000         0.000000    
           k14    6.0930065569999997E-02     1.000000         0.000000    
           k15    1.0000000000000000E-03     1.000000         0.000000    
           k16    1.0000000000000000E-03     1.000000         0.000000    
             c     27.62256258000000         1.000000         0.000000    
            c2     62.08125188100000         1.000000         0.000000    
