  single point
            k1    1.0000000000000000E-03     1.000000         0.000000    
            k2    0.1357979000000000         1.000000         0.000000    
            k3     15.17073000000000         1.000000         0.000000    
            k4     4.641047000000000         1.000000         0.000000    
            k5     7.281827000000000         1.000000         0.000000    
            k6     4.254556000000000         1.000000         0.000000    
            k7    4.4164169999999997E-03     1.000000         0.000000    
            k8     11.87028000000000         1.000000         0.000000    
            k9     9.531955000000000         1.000000         0.000000    
           k10     5.935630000000000         1.000000         0.000000    
           k11    1.0000000000000000E-03     1.000000         0.000000    
           k12     7.155864000000000         1.000000         0.000000    
           k13     2.913054000000000         1.000000         0.000000    
           k14    6.0930065999999998E-02     1.000000         0.000000    
           k15    1.0000000000000000E-03     1.000000         0.000000    
           k16    1.0000000000000000E-03     1.000000         0.000000    
             c     27.62256000000000         1.000000         0.000000    
            c2     62.08125000000000         1.000000         0.000000    
